$SPEC_ID:
No sample description was entered.
$SPEC_REM:
DET# 1
DETDESC# DESKTOP-PA1F0GF MCB 337
AP# Maestro Version 7.01
$DATE_MEA:
04/14/2026 12:53:30
$MEAS_TIM:
3600 3609
$DATA:
0 8191
       0
       0
       0
       0
       0
       0
       0
       0
       0
       0
       0
       0
       0
       0
       0
       0
       0
       0
       0
       0
       0
       0
       0
       0
       0
       0
       0
       0
       0
       0
       0
       0
       0
       0
       0
       0
       0
       0
       0
       0
       0
       0
       0
       0
       0
       0
       0
       0
       0
       0
       0
       0
       0
       0
       0
       0
       0
       0
       0
       0
       0
       0
       0
       0
       0
       0
       0
       0
       0
       0
       0
       0
       0
       0
       0
       0
       0
       0
       2
       5
      17
      28
      34
      68
      81
      95
     115
     132
     162
     151
     180
     191
     213
     187
     213
     198
     206
     186
     200
     201
     201
     237
     182
     231
     223
     224
     217
     204
     229
     244
     235
     262
     223
     260
     214
     229
     248
     250
     252
     246
     256
     225
     269
     251
     256
     262
     244
     236
     299
     268
     266
     283
     239
     225
     296
     277
     295
     280
     247
     292
     266
     266
     297
     255
     278
     265
     271
     255
     286
     300
     260
     256
     276
     267
     275
     274
     281
     255
     293
     272
     275
     294
     279
     273
     300
     279
     298
     281
     293
     302
     301
     304
     300
     293
     326
     290
     338
     304
     306
     330
     310
     307
     356
     354
     332
     377
     333
     382
     338
     349
     393
     391
     407
     388
     368
     352
     366
     381
     433
     431
     390
     401
     423
     403
     398
     448
     400
     433
     419
     440
     414
     437
     472
     498
     474
     503
     471
     500
     497
     513
     520
     499
     504
     540
     507
     545
     533
     546
     575
     547
     578
     560
     602
     602
     601
     572
     602
     642
     631
     631
     656
     664
     672
     667
     647
     634
     668
     701
     688
     720
     753
     703
     769
     718
     705
     769
     750
     746
     755
     762
     786
     750
     828
     813
     776
     833
     795
     825
     820
     819
     849
     887
     914
     952
     924
     905
     867
     910
     889
     972
     860
     953
     976
     914
    1023
    1033
     987
     981
     990
    1012
     991
     976
    1081
     995
    1017
    1044
    1016
    1047
    1065
    1053
    1056
    1065
    1075
    1056
    1143
    1064
    1042
    1048
    1083
    1034
    1045
    1048
    1031
    1119
    1078
    1126
    1065
    1099
    1076
    1121
    1152
    1061
    1083
    1031
    1109
    1083
    1080
    1097
    1100
    1116
    1041
    1039
    1076
    1136
    1062
    1100
    1127
    1139
    1035
    1098
    1119
    1095
    1129
    1119
    1105
    1117
    1181
    1103
    1118
    1135
    1106
    1126
    1113
    1150
    1140
    1151
    1087
    1147
    1160
    1124
    1088
    1062
    1130
    1129
    1139
    1068
    1138
    1101
    1182
    1104
    1104
    1134
    1091
    1064
    1113
    1133
    1113
    1130
    1057
    1119
    1109
    1157
    1111
    1087
    1089
    1182
    1124
    1110
    1097
    1069
    1097
    1138
    1081
    1088
    1086
    1111
    1108
    1052
    1131
    1086
    1134
    1131
    1102
    1109
    1050
    1105
    1068
    1171
    1079
    1090
    1038
    1089
    1105
    1049
    1083
    1074
    1097
    1082
    1033
    1060
    1098
    1079
    1065
    1144
    1104
    1112
    1112
    1114
    1086
    1086
    1073
    1059
    1076
    1089
    1016
    1129
    1026
    1025
    1052
    1059
    1058
    1022
    1068
    1067
    1048
    1087
    1118
    1042
    1038
    1031
    1064
    1086
    1054
    1040
     980
     994
    1032
    1030
    1061
    1065
    1018
    1036
    1045
    1007
    1043
    1044
    1071
     974
    1048
    1023
    1033
    1006
    1002
     954
    1088
    1079
    1058
    1004
     989
    1013
    1026
     960
    1017
    1030
    1043
     967
     962
    1002
    1008
    1007
    1034
    1007
     987
     987
     967
     971
    1013
     957
     953
     978
     940
     985
     975
     970
     921
     941
     995
     990
     907
     937
     966
     915
     929
     962
    1010
     916
     962
     993
     922
     906
     946
     931
     938
     920
     948
     948
     947
     858
     914
     873
     919
     923
     928
     931
     924
     883
     942
     926
     910
     869
     861
     890
     852
     936
     879
     892
     844
     891
     892
     891
     890
     830
     899
     884
     865
     876
     817
     824
     854
     817
     855
     887
     857
     877
     795
     801
     797
     803
     831
     813
     822
     857
     787
     816
     838
     834
     808
     776
     802
     779
     770
     772
     801
     859
     757
     809
     798
     831
     784
     752
     768
     778
     773
     754
     819
     799
     768
     781
     773
     787
     777
     750
     694
     713
     767
     778
     744
     738
     747
     728
     684
     765
     759
     712
     699
     789
     688
     758
     717
     680
     731
     728
     703
     726
     722
     691
     700
     736
     714
     627
     684
     727
     666
     654
     698
     686
     712
     648
     682
     657
     681
     695
     669
     628
     688
     684
     669
     651
     649
     671
     658
     678
     675
     650
     633
     681
     720
     677
     650
     698
     647
     708
     643
     654
     710
     656
     680
     623
     695
     596
     655
     637
     658
     655
     641
     625
     666
     648
     640
     663
     654
     647
     595
     635
     689
     630
     668
     594
     628
     629
     631
     575
     641
     654
     617
     584
     622
     628
     628
     615
     567
     572
     612
     569
     565
     624
     637
     651
     580
     608
     584
     588
     568
     591
     600
     578
     598
     586
     587
     619
     605
     594
     604
     546
     589
     575
     553
     589
     573
     567
     554
     548
     575
     598
     534
     553
     554
     552
     528
     567
     554
     562
     537
     509
     562
     532
     502
     534
     545
     556
     527
     537
     524
     495
     530
     535
     540
     537
     526
     540
     534
     523
     544
     525
     545
     524
     498
     519
     497
     526
     532
     541
     522
     520
     508
     523
     542
     505
     505
     502
     503
     489
     473
     479
     489
     486
     473
     523
     454
     525
     477
     476
     476
     458
     472
     448
     469
     488
     509
     524
     481
     519
     487
     469
     470
     477
     489
     507
     450
     473
     429
     485
     470
     484
     474
     475
     462
     472
     482
     502
     467
     467
     483
     434
     464
     491
     451
     485
     484
     457
     500
     502
     460
     440
     493
     471
     463
     494
     511
     436
     465
     526
     447
     477
     487
     491
     464
     450
     460
     467
     529
     477
     504
     466
     488
     495
     442
     475
     465
     455
     455
     464
     470
     507
     457
     442
     455
     440
     488
     448
     475
     460
     478
     455
     458
     455
     470
     456
     443
     451
     451
     406
     469
     455
     416
     426
     473
     448
     427
     426
     442
     432
     417
     475
     477
     417
     380
     423
     417
     409
     398
     395
     395
     403
     379
     396
     396
     391
     402
     393
     377
     388
     395
     356
     394
     371
     380
     370
     331
     338
     393
     341
     384
     371
     348
     371
     337
     351
     336
     339
     365
     365
     345
     370
     301
     329
     319
     361
     322
     323
     313
     348
     294
     315
     344
     328
     313
     297
     299
     326
     338
     298
     298
     305
     329
     316
     335
     320
     285
     329
     299
     303
     302
     328
     301
     313
     289
     301
     301
     292
     257
     272
     287
     307
     301
     295
     286
     304
     277
     286
     302
     295
     300
     275
     296
     268
     312
     272
     308
     274
     280
     262
     264
     266
     311
     297
     261
     326
     291
     265
     267
     287
     295
     306
     272
     292
     291
     279
     284
     292
     296
     292
     281
     268
     301
     281
     262
     282
     261
     262
     300
     272
     253
     293
     283
     255
     257
     296
     249
     306
     280
     262
     259
     256
     288
     261
     265
     281
     242
     254
     284
     257
     267
     268
     276
     264
     258
     240
     267
     240
     261
     258
     244
     262
     234
     250
     249
     260
     279
     263
     221
     260
     254
     243
     250
     245
     238
     249
     240
     234
     254
     261
     256
     261
     248
     246
     242
     238
     245
     218
     238
     239
     238
     231
     251
     240
     247
     248
     209
     204
     221
     239
     214
     226
     216
     234
     225
     214
     235
     209
     229
     202
     225
     214
     222
     231
     222
     213
     218
     233
     193
     216
     225
     249
     243
     204
     244
     252
     194
     227
     212
     207
     193
     182
     216
     200
     201
     216
     222
     214
     200
     206
     193
     211
     174
     195
     216
     206
     212
     211
     200
     198
     194
     203
     184
     207
     176
     196
     196
     187
     187
     183
     178
     183
     191
     203
     194
     193
     205
     200
     176
     217
     190
     182
     201
     208
     176
     164
     182
     168
     200
     174
     176
     187
     185
     177
     206
     195
     201
     193
     162
     188
     186
     198
     199
     192
     199
     161
     181
     218
     203
     182
     185
     186
     193
     187
     174
     190
     198
     186
     205
     199
     226
     210
     165
     214
     181
     210
     210
     200
     173
     185
     182
     190
     192
     199
     201
     173
     192
     183
     208
     211
     197
     180
     196
     212
     186
     169
     172
     174
     203
     181
     198
     189
     206
     191
     191
     193
     188
     203
     182
     182
     172
     179
     163
     186
     176
     193
     200
     192
     179
     191
     201
     172
     175
     181
     217
     203
     181
     155
     193
     192
     200
     165
     193
     174
     189
     196
     195
     169
     207
     158
     186
     165
     172
     173
     180
     171
     156
     172
     150
     188
     162
     180
     178
     165
     170
     161
     178
     171
     160
     170
     171
     160
     170
     173
     157
     142
     158
     166
     148
     157
     155
     163
     136
     177
     153
     164
     158
     143
     141
     153
     148
     144
     149
     129
     154
     138
     166
     129
     146
     144
     160
     126
     150
     140
     140
     127
     129
     130
     107
     142
     136
     143
     113
     134
     121
     159
     135
     127
     126
     125
     133
     144
     104
     123
     135
     115
     134
     130
     127
     128
     148
     145
     129
     136
     151
     127
     109
     134
     137
     122
     118
     124
     118
     122
     122
     105
     128
     114
     129
     107
     104
     109
     131
     109
     115
     107
     114
     111
     125
     112
     146
     127
     108
     132
     101
     106
     109
     109
     101
     112
     129
     119
     107
     135
     115
     126
     109
     112
     113
     125
     108
     110
     111
      99
     120
     129
     119
     117
     103
     112
     112
     126
      91
      83
      93
     110
     138
     116
     108
     111
     101
      96
     109
     102
     104
     107
     106
     131
     106
     108
      95
     104
     115
      87
      99
     102
     114
      90
      96
     120
     105
     119
     119
     105
      92
     122
      95
     125
     110
     123
     101
      91
      94
      94
     113
     100
     110
     115
     105
      97
      99
     126
     107
     109
      83
     107
     103
     100
     115
      94
      93
      92
     102
     104
     113
     103
     101
      88
     106
     121
     105
      92
      96
      82
      96
     101
      98
     105
     108
     105
     109
      89
      98
      99
     102
     104
     107
     108
      81
     105
      98
     103
      83
     113
      88
     105
      91
      93
     105
      89
     115
      96
      98
      98
     106
     100
     103
     104
     100
      77
     100
      94
      83
      88
     101
     117
     113
     105
      97
      92
      84
      89
      88
     106
      95
     105
      97
      97
      93
     114
      89
      75
      82
      85
      86
      88
      79
     109
      89
      70
     101
      96
      93
      89
      87
      94
     116
      87
      87
      85
      97
      77
      88
      77
      95
      87
      91
      98
      77
     102
     101
      76
      87
      97
      93
      94
     104
      73
      87
      71
      83
      99
      92
      82
      88
      80
     102
      87
      88
      99
      82
      77
      85
      99
      86
      83
      85
      66
      94
      79
      88
      79
      68
      97
      86
      74
      86
      98
      91
      99
      93
      96
      81
      77
      79
      79
      77
      76
      93
      93
      93
      73
      83
      68
      90
      79
      91
      83
      88
      86
      76
      86
      87
      81
      89
      90
      79
      95
      81
      88
      72
      81
      73
      81
      83
      76
      74
      84
      86
      89
      72
      99
      79
      78
      68
      69
      82
      81
      68
      87
      81
      80
      89
      86
      83
      64
      83
      86
      90
      66
      76
      73
      76
      70
      82
      79
      94
      78
      79
     100
      85
      86
      81
      76
      74
      74
      78
      75
      95
      81
      80
      65
      79
      80
      79
      69
      85
      77
      78
      69
      88
      87
      74
      66
      64
      78
      58
      76
      77
      68
      80
      79
      83
      90
      72
      88
     100
      84
      67
      93
      69
      66
      69
      75
      68
      81
      82
      81
      84
      68
      75
      79
      77
      74
      82
      62
      65
      80
      72
      78
      81
      74
      66
      77
      69
      78
      73
      71
      62
      74
      76
      80
      66
      92
      79
      70
      73
      70
      72
      74
      57
      65
      77
      62
      80
      68
      72
      76
      68
      69
      73
      94
      88
      74
      67
      79
      68
      74
      77
      67
      83
      87
      82
      77
      77
      81
      74
      82
      71
      64
      70
      80
      73
      72
      89
      78
      69
      69
      52
      68
      76
      85
      70
      70
      80
      80
      63
      76
      66
      81
      55
      82
      66
      83
      74
      73
      62
      84
      75
      61
      59
      66
      70
      89
      86
      64
      69
      78
      66
      66
      63
      73
      68
      76
      86
      68
      75
      66
      62
      82
      69
      83
      58
      79
      76
      84
      84
      69
      79
      72
      77
      79
      56
     101
      51
      56
      56
      76
      76
      63
      93
      73
      60
      73
      71
      84
      73
      62
      71
      60
      59
      48
      64
      61
      77
      63
      63
      66
      69
      64
      71
      68
      60
      64
      67
      65
      56
      69
      78
      73
      71
      72
      65
      72
      71
      60
      65
      60
      57
      61
      67
      55
      49
      58
      64
      57
      48
      56
      60
      66
      50
      69
      69
      55
      49
      45
      71
      63
      59
      46
      73
      51
      51
      56
      56
      73
      67
      62
      47
      65
      74
      66
      52
      67
      65
      51
      64
      56
      59
      55
      73
      57
      54
      59
      64
      54
      52
      62
      64
      74
      62
      61
      56
      53
      71
      48
      59
      55
      59
      62
      65
      62
      57
      66
      58
      58
      56
      55
      44
      61
      60
      52
      43
      55
      59
      55
      70
      54
      49
      58
      48
      60
      70
      64
      54
      65
      49
      55
      66
      55
      71
      72
      57
      61
      60
      53
      68
      47
      79
      60
      59
      61
      69
      69
      79
      56
      66
      58
      60
      63
      66
      55
      47
      53
      76
      63
      66
      76
      60
      70
      60
      75
      57
      65
      56
      61
      65
      73
      64
      71
      77
      59
      66
      68
      65
      69
      64
      56
      72
      63
      81
      62
      57
      68
      60
      69
      70
      64
      76
      79
      67
      53
      74
      59
      57
      84
      64
      88
      55
      81
      55
      75
      58
      87
      68
      76
      73
      64
      62
      64
      73
      63
      76
      56
      78
      64
      74
      58
      60
      81
      62
      85
      76
      75
      71
      66
      72
      48
      75
      76
      88
      75
      76
      82
      65
      61
      72
      76
      88
      72
      72
      81
      70
      72
      70
      69
      63
      66
      70
      79
      66
      67
      68
      69
      66
      77
      66
      69
      70
      64
      70
      75
      53
      64
      76
      77
      84
      65
      87
      55
      67
      68
      76
      65
      75
      66
      86
      58
      84
      76
      51
      66
      82
      63
      68
      72
      63
      82
      64
      74
      65
      61
      73
      67
      81
      60
      69
      65
      52
      63
      79
      56
      67
      70
      68
      61
      60
      59
      81
      65
      65
      71
      58
      65
      59
      67
      64
      66
      63
      43
      54
      60
      72
      68
      66
      61
      52
      59
      67
      76
      74
      64
      66
      68
      60
      60
      49
      65
      57
      64
      61
      57
      69
      51
      39
      64
      63
      50
      66
      55
      47
      56
      61
      46
      59
      59
      55
      54
      57
      66
      53
      57
      62
      51
      50
      52
      49
      44
      48
      55
      51
      40
      45
      53
      52
      52
      41
      48
      55
      47
      60
      64
      38
      44
      45
      52
      53
      40
      43
      54
      51
      42
      49
      42
      46
      50
      58
      38
      43
      32
      47
      52
      50
      43
      47
      39
      43
      43
      55
      42
      41
      44
      42
      36
      48
      44
      47
      36
      49
      46
      49
      45
      43
      52
      41
      33
      41
      33
      38
      45
      41
      33
      36
      34
      35
      33
      49
      44
      36
      35
      39
      43
      30
      37
      37
      33
      49
      44
      42
      42
      39
      55
      45
      40
      46
      38
      42
      44
      42
      46
      42
      34
      32
      28
      32
      43
      41
      40
      36
      45
      30
      40
      35
      37
      38
      38
      39
      49
      32
      43
      32
      26
      49
      49
      37
      47
      33
      36
      31
      35
      38
      42
      30
      43
      36
      45
      39
      39
      33
      35
      39
      26
      42
      38
      40
      43
      43
      42
      43
      53
      36
      32
      33
      32
      43
      37
      25
      35
      33
      41
      38
      36
      41
      45
      37
      31
      49
      35
      44
      44
      30
      32
      33
      39
      32
      35
      30
      30
      50
      35
      36
      34
      27
      36
      32
      35
      32
      43
      29
      34
      46
      29
      45
      46
      31
      34
      38
      45
      47
      36
      29
      34
      33
      33
      32
      30
      46
      37
      35
      32
      39
      32
      27
      34
      41
      38
      35
      28
      40
      46
      44
      32
      43
      35
      27
      32
      46
      39
      38
      29
      29
      21
      30
      43
      31
      34
      26
      35
      26
      40
      33
      35
      45
      28
      34
      27
      51
      41
      36
      31
      29
      38
      31
      33
      37
      27
      34
      27
      28
      36
      27
      39
      38
      26
      32
      28
      36
      30
      34
      48
      45
      38
      29
      45
      37
      26
      28
      31
      24
      28
      31
      35
      17
      37
      38
      33
      45
      35
      35
      28
      38
      34
      27
      40
      33
      35
      42
      38
      33
      32
      37
      32
      29
      37
      24
      35
      31
      33
      31
      40
      45
      26
      38
      28
      28
      30
      34
      28
      29
      35
      30
      40
      27
      38
      27
      33
      43
      39
      35
      38
      31
      33
      24
      33
      37
      41
      34
      46
      36
      34
      36
      35
      42
      33
      37
      29
      30
      49
      39
      40
      36
      25
      41
      34
      42
      32
      39
      29
      30
      42
      42
      33
      25
      34
      30
      32
      22
      38
      35
      37
      35
      29
      29
      35
      40
      31
      33
      33
      30
      32
      32
      37
      30
      25
      37
      34
      34
      22
      39
      43
      45
      25
      33
      31
      27
      34
      26
      31
      21
      36
      31
      34
      30
      34
      35
      35
      39
      28
      22
      31
      40
      39
      25
      34
      34
      32
      26
      32
      35
      32
      39
      28
      27
      32
      33
      27
      28
      42
      37
      20
      40
      31
      27
      34
      26
      21
      25
      39
      34
      29
      34
      28
      30
      43
      31
      31
      28
      43
      29
      32
      30
      44
      33
      44
      36
      39
      36
      30
      36
      30
      28
      22
      26
      28
      32
      26
      41
      36
      27
      25
      37
      30
      34
      36
      36
      21
      36
      28
      29
      30
      29
      30
      30
      24
      28
      38
      26
      26
      35
      41
      31
      31
      35
      42
      28
      27
      29
      28
      24
      52
      36
      38
      31
      23
      35
      30
      29
      33
      32
      29
      29
      31
      36
      30
      25
      28
      25
      29
      34
      32
      31
      32
      38
      20
      36
      27
      31
      18
      25
      33
      19
      33
      28
      25
      25
      33
      29
      32
      32
      36
      26
      33
      34
      26
      33
      36
      27
      39
      18
      37
      29
      29
      34
      30
      31
      33
      24
      30
      33
      30
      33
      34
      30
      32
      32
      24
      31
      36
      41
      34
      28
      40
      22
      36
      30
      34
      34
      26
      27
      28
      35
      30
      37
      28
      27
      17
      26
      39
      24
      26
      31
      31
      35
      26
      26
      29
      24
      20
      23
      32
      21
      37
      32
      20
      25
      26
      29
      33
      28
      24
      21
      28
      30
      30
      28
      26
      38
      39
      25
      27
      24
      31
      34
      31
      40
      28
      23
      30
      29
      27
      29
      29
      37
      17
      30
      25
      34
      34
      18
      32
      30
      18
      22
      36
      28
      14
      30
      35
      29
      20
      23
      22
      26
      29
      29
      21
      28
      23
      30
      27
      27
      31
      20
      27
      30
      20
      28
      29
      22
      25
      28
      29
      25
      31
      18
      21
      29
      23
      27
      23
      15
      24
      31
      27
      23
      29
      27
      14
      16
      22
      22
      19
      33
      32
       9
      26
      16
      23
      23
      20
      22
      21
      36
      25
      31
      23
      19
      27
      22
      29
      19
      35
      28
      33
      23
      22
      22
      31
      31
      18
      31
      24
      21
      31
      33
      19
      26
      25
      23
      27
      24
      28
      25
      27
      32
      24
      21
      33
      18
      34
      32
      20
      36
      33
      18
      27
      24
      27
      23
      23
      29
      36
      33
      26
      23
      19
      28
      27
      36
      39
      21
      28
      29
      28
      21
      24
      31
      16
      28
      16
      32
      23
      24
      21
      30
      28
      29
      21
      32
      24
      23
      34
      28
      19
      23
      24
      29
      19
      27
      33
      22
      19
      28
      33
      23
      28
      18
      30
      24
      23
      23
      24
      20
      27
      28
      28
      25
      22
      27
      23
      31
      26
      23
      33
      23
      24
      27
      26
      32
      29
      30
      26
      29
      27
      27
      28
      30
      20
      23
      21
      29
      32
      23
      25
      29
      19
      30
      25
      26
      38
      27
      30
      21
      31
      30
      28
      41
      23
      22
      28
      26
      25
      31
      25
      35
      24
      30
      35
      23
      29
      33
      29
      22
      19
      34
      20
      29
      27
      23
      21
      24
      24
      26
      41
      27
      32
      44
      26
      24
      24
      42
      29
      21
      20
      28
      34
      31
      26
      38
      35
      26
      21
      23
      25
      29
      25
      31
      32
      25
      27
      28
      30
      35
      32
      29
      15
      23
      25
      33
      20
      32
      24
      26
      24
      27
      36
      27
      38
      34
      34
      22
      20
      21
      32
      28
      20
      26
      26
      17
      31
      21
      29
      44
      17
      35
      36
      25
      31
      27
      29
      27
      26
      29
      23
      33
      29
      20
      36
      31
      33
      30
      32
      39
      25
      38
      36
      37
      23
      26
      31
      31
      29
      26
      23
      28
      32
      38
      14
      32
      28
      31
      25
      27
      37
      23
      37
      24
      34
      24
      34
      35
      26
      29
      25
      39
      32
      26
      34
      34
      23
      35
      25
      26
      32
      38
      22
      23
      26
      33
      21
      32
      30
      39
      26
      27
      34
      30
      24
      32
      37
      27
      34
      29
      41
      29
      33
      30
      27
      27
      29
      35
      41
      26
      31
      31
      37
      35
      32
      39
      32
      31
      24
      35
      26
      33
      27
      28
      27
      31
      32
      26
      29
      44
      31
      26
      28
      28
      24
      22
      34
      23
      29
      29
      26
      33
      23
      28
      18
      23
      32
      38
      28
      28
      23
      36
      22
      30
      32
      23
      23
      35
      36
      27
      23
      33
      28
      21
      28
      22
      26
      26
      19
      26
      27
      30
      34
      24
      27
      32
      34
      28
      31
      24
      39
      22
      37
      26
      29
      37
      23
      22
      34
      27
      27
      25
      22
      30
      28
      22
      31
      28
      32
      26
      27
      29
      30
      20
      24
      25
      29
      27
      25
      40
      23
      27
      31
      28
      23
      21
      24
      33
      39
      31
      20
      31
      35
      27
      25
      34
      31
      22
      27
      22
      14
      18
      25
      28
      26
      25
      18
      26
      23
      28
      24
      20
      31
      29
      10
      29
      23
      29
      28
      31
      27
      35
      27
      30
      22
      25
      29
      19
      28
      32
      20
      29
      24
      30
      21
      25
      25
      17
      24
      28
      24
      29
      28
      23
      19
      30
      29
      21
      27
      33
      23
      19
      20
      17
      33
      24
      28
      17
      28
      26
      27
      23
      30
      19
      33
      31
      27
      22
      20
      27
      34
      15
      26
      25
      19
      29
      34
      28
      15
      31
      25
      20
      24
      24
      21
      23
      25
      22
      20
      26
      28
      25
      27
      15
      22
      18
      25
      21
      24
      24
      22
      20
      18
      25
      21
      20
      14
      25
      26
      19
      22
      22
      20
      22
      24
      16
      16
      14
      18
      16
      14
      15
      27
      18
      22
      22
      28
      16
      23
      16
      28
      17
      20
      25
      17
      16
      18
      26
      20
      26
      18
      20
      25
      18
      19
      17
      15
      17
      16
      20
      13
      21
      22
      29
      21
      22
      21
      16
      19
      25
      20
      18
      24
      17
      19
      20
       8
      21
      21
      26
      18
      21
      21
      14
      19
      15
      19
      19
      25
      24
      14
      20
      15
      18
      17
      22
      23
      16
      29
       9
      19
      24
      25
      27
      17
      18
      16
      22
      19
      19
      19
      17
      14
      12
      15
      14
      17
      27
      20
      14
      24
      20
      25
      14
      17
      18
      21
      26
      18
      16
      14
      22
      16
      13
      15
      20
      13
      14
      16
      24
      19
      15
      18
      15
      12
      11
      22
      21
      15
      11
       9
      19
      18
      10
      17
      15
      13
       9
      22
      20
      22
      23
      21
      21
      18
      16
      28
      20
      23
       9
      14
      12
      16
      12
      10
      14
      23
      20
      13
      21
      13
      26
      24
      28
      19
      19
      16
      18
      18
      13
      15
      23
      13
      17
      18
      27
      22
      21
      20
      25
      22
      19
      19
      12
      13
      16
      17
      20
      18
      19
      23
      23
      16
      16
      12
      18
      24
      25
      18
      14
      20
      15
      17
      17
      16
      20
      22
      16
      16
      15
      16
      17
      10
      23
      18
      15
      30
      18
      16
      17
      26
      15
      15
      21
      22
      18
      17
      24
      10
      14
      13
      11
      15
      15
      14
      23
      27
      22
      18
      21
      21
      16
      21
      20
      21
      23
      10
      18
      20
       9
      13
      22
      18
      23
      18
      20
      17
      11
      17
      19
      17
      19
      20
      24
      21
      14
      13
      21
      24
      10
      17
      15
      24
      19
      24
      13
      14
      20
      17
      29
      11
      17
      16
      14
      26
      21
      27
      16
      18
      17
      11
       9
      23
      22
      25
      19
      14
      22
      16
      19
      23
      18
      15
      18
      23
      17
      18
      19
      14
      21
      18
      20
      26
      14
      20
      15
      21
      18
      18
      18
       9
      18
      16
      19
      21
      20
      20
      21
      24
      19
      25
      21
      20
      19
      21
      22
      20
      19
      13
      24
      22
      30
      18
      17
      29
      19
      18
      25
      17
      25
      17
      24
      21
      20
      22
      22
      21
      25
      17
      21
      22
      18
      14
      15
      18
      24
      21
      20
      24
      16
      17
      18
      27
      18
      21
      21
      16
      10
      18
      19
      17
      15
      18
      22
      20
      20
      24
      24
      18
      31
      20
      27
      27
      18
      17
      17
      20
      19
      19
      22
      24
      23
      14
      28
      21
      21
      28
      20
      21
      15
      21
      14
      20
      17
      35
      19
      22
      22
      30
      29
      21
      15
      22
      18
      14
      21
      26
      16
      20
      20
      24
      16
      18
      18
      15
      19
      23
      20
      25
      18
      20
      19
      19
      19
      22
      26
      23
      13
      23
      19
      21
      20
      25
      15
      16
      18
      18
      19
      21
      20
      18
      20
      33
      24
      15
      20
      22
      17
      21
      19
      20
      23
      26
      15
      18
      26
      16
      24
      23
      20
      21
      21
      25
      19
      16
      28
      17
      20
      30
      14
      16
      16
      16
      25
      22
      17
      17
      18
      22
      25
      23
      20
      24
      19
      23
      23
      14
      17
      22
      17
      20
      13
      23
      14
      15
      22
      18
      35
      20
      12
      21
      17
      23
      20
      16
      20
      21
      14
      22
      17
      19
      18
      20
      22
      17
      21
      16
      25
      13
      25
      25
      13
      23
      17
      20
      13
      23
      14
      18
      20
      14
      20
      21
      17
      17
      12
      15
      13
      14
      23
      25
      22
      18
      21
      21
      13
      13
      17
      12
      18
      15
      13
      24
      19
      17
      15
      23
      14
      22
      16
      19
      14
      17
      18
      18
      17
      13
      18
      21
      16
      22
      18
      14
      11
      20
      15
      10
      15
      20
      18
      19
      23
      17
      20
      18
      11
      14
      10
      13
      19
      12
      18
      14
      12
      12
      15
      12
      14
      20
      22
      12
      23
      13
      13
      11
      16
      11
      16
      19
      18
      14
      20
      18
      14
      17
      19
      19
      20
      10
      12
      15
      15
      16
       8
      13
      15
      16
      13
       7
      23
      19
      12
      12
      18
      17
      21
      14
       8
      12
      13
      11
      13
      18
      21
      15
      15
      13
      15
      15
      13
      14
      15
      11
      15
      16
      15
      14
      20
      17
      21
      17
      10
      26
      12
      21
      18
      15
      13
      15
      14
      17
      17
      14
      24
       9
      22
      10
      22
      10
      17
      23
      11
      23
      13
      13
      18
      15
      17
      16
      11
      15
      14
      17
      16
      15
      13
      17
      14
      15
      17
      10
       7
      12
      11
      19
      14
      16
      12
      13
      14
      16
      12
       9
      15
      10
      14
      16
      18
      15
      14
      13
       8
      14
      16
      14
      14
      15
      19
      17
      22
      20
       8
       8
      20
      25
      19
      10
      17
      11
      17
      10
      10
      10
      11
      12
      19
      18
      18
      12
       9
      14
      16
      18
      11
      12
       7
      19
      11
      17
      14
      13
      10
      13
      19
       8
      10
      17
      23
      19
      10
      17
      10
      16
      10
       9
      13
      13
       9
       8
       7
      12
      16
      15
      15
      10
      15
      14
      14
      10
      15
      10
      12
      14
      10
       9
      16
       8
      12
       7
      15
      15
      18
      13
       7
      16
      10
      15
      13
      11
      11
      11
      12
      17
      15
      10
       9
       9
      19
      11
      12
       8
      12
      11
      12
      13
      11
      13
      10
       7
      15
      14
      12
      15
      10
      11
       9
      14
      14
       6
      11
      15
      17
      15
      11
      14
      11
      14
      17
       9
      11
       7
      10
      17
      16
      14
       6
      14
      12
      14
      10
      10
      14
      11
      13
      10
      14
      10
      12
       8
      16
      12
       9
      13
       9
      17
       8
      10
      13
      12
      15
       6
       5
       8
       4
      12
       9
      12
      10
      10
      12
      10
       8
      10
      14
       4
       7
      11
      10
       8
      11
      11
      10
      12
      11
       8
       9
      17
      10
      12
       7
      11
      15
      14
      12
       7
       7
      14
       5
      13
       4
       9
      12
      13
      12
      12
       4
      16
       7
      10
       8
       6
      11
       8
      14
       6
      10
      15
      12
       9
      10
       5
       8
       9
      13
      14
       3
       7
      12
       8
      11
       8
       4
      11
       8
       8
       2
       9
       8
      12
       9
       9
      11
       7
       8
       6
       6
       4
       8
      10
      13
       9
       9
      11
       9
      11
       7
       9
       7
       7
      10
      11
       7
      10
       8
      11
       6
       7
      10
       9
       0
       6
       6
       6
       9
      12
       8
      10
      10
      11
       9
       6
      15
       4
       8
       9
      11
       4
       7
      13
       9
      12
       7
       8
       8
       5
       5
       6
       4
      11
       6
      14
      13
       6
       7
      11
      15
       5
      11
      10
       4
       5
       4
      10
       9
       9
       9
       9
       7
       4
       9
       7
       8
      11
      12
       4
       7
       8
       4
       9
       7
      11
       9
       6
      15
       7
       8
       6
       9
       7
       8
      10
       9
       6
       5
       9
       7
       5
       9
      11
       6
      12
       9
       8
       9
       8
      10
       7
       8
      12
      10
       8
       8
       9
       7
       3
      13
       4
      12
       6
       4
       5
       9
      12
       6
       8
       7
       4
      11
       7
       5
       7
       5
       9
      10
      11
       9
      12
       7
      10
       6
      10
       6
       9
      10
      11
       7
       8
       6
       6
       8
       7
       7
       4
       8
       7
       9
       6
      11
      11
      11
      11
       8
       9
       7
      10
       7
       5
       9
       8
       9
      13
       9
      10
       8
       9
       9
       8
       7
       7
      10
       7
      11
       5
       8
       6
      12
       8
      11
       7
       6
       5
       8
       4
       4
      11
       7
      15
       4
       9
      10
       9
      14
       8
      13
       8
       7
      10
       4
       8
       2
      10
       9
      11
      12
       8
       5
       5
       7
       5
       8
       4
      11
       6
      10
       9
      13
      10
       8
       7
       7
      11
       2
       8
       9
       2
       9
      11
       8
       3
       4
      10
       3
       7
       9
      10
       5
       8
       6
       7
       8
      10
      10
      14
       8
      12
       5
      10
       3
       6
       6
       6
      12
       9
       8
      10
      10
      10
       9
      11
       7
       6
      10
      10
      13
       8
       3
       7
       5
      10
       9
       6
       8
       9
       6
       3
      10
      16
      17
      12
       5
       6
      13
      12
       3
       7
       6
       3
      10
      11
      13
       8
      12
       3
      13
       8
       9
       9
       6
      13
      10
       8
      10
      14
       8
       9
       9
      11
       9
       9
      12
       8
      10
       8
      16
      10
       8
      13
      10
      14
      11
      13
      16
      11
       7
      14
       7
      14
       3
      11
       8
      10
       7
       8
      10
      12
      12
      13
       3
      12
      13
      17
      14
      20
       9
      11
      14
       8
      17
      12
      17
      12
      12
      16
       7
      16
      14
      17
      11
      16
      14
      10
      21
      13
      16
      13
      13
      16
      12
      12
      19
      14
      11
      17
      16
      23
      10
      15
      14
      20
      18
      13
      11
      20
       9
      21
      24
      15
      21
      19
      22
      23
      16
      23
      13
      13
      23
      17
      19
      21
      27
      13
      10
      19
      20
      24
      19
      30
      27
      13
      26
      26
      17
      17
      11
      21
      21
      11
      13
      14
      24
      21
      32
      21
      19
      30
      30
      28
      18
      21
      19
      24
      30
      26
      24
      28
      31
      32
      20
      26
      33
      28
      18
      26
      19
      36
      18
      21
      22
      21
      34
      19
      23
      32
      28
      24
      25
      23
      29
      31
      26
      28
      17
      20
      31
      40
      38
      36
      37
      27
      32
      36
      36
      24
      35
      29
      35
      37
      25
      36
      38
      36
      48
      24
      31
      38
      43
      30
      37
      30
      30
      40
      34
      30
      24
      40
      34
      24
      23
      33
      32
      40
      37
      26
      36
      32
      34
      29
      32
      33
      28
      42
      27
      30
      28
      43
      30
      32
      32
      32
      41
      34
      39
      35
      42
      33
      29
      25
      34
      33
      32
      25
      45
      37
      26
      24
      30
      30
      31
      33
      30
      30
      37
      25
      21
      37
      36
      32
      38
      26
      34
      27
      31
      43
      31
      34
      24
      31
      38
      33
      30
      29
      19
      28
      31
      36
      32
      32
      28
      26
      29
      26
      22
      25
      21
      33
      27
      28
      36
      25
      27
      25
      24
      31
      28
      25
      24
      23
      29
      21
      35
      21
      20
      20
      30
      28
      21
      22
      32
      34
      28
      24
      26
      23
      26
      21
      30
      13
      22
      20
      14
      26
      19
      28
      22
      16
      24
      17
      14
      28
      15
      15
      20
      14
      20
      21
      28
      19
      18
      15
      18
      14
      18
      21
      20
      24
      22
      17
      11
      17
      10
      15
      22
      13
      18
      13
      15
      21
      18
      14
      13
      11
      16
      20
      12
      17
      11
      15
      11
      13
      20
      15
      13
      21
      16
      13
      17
      11
      12
      11
      19
      11
      12
      14
      10
      14
      20
       9
      12
      14
      14
       7
      14
       6
      14
       5
      13
       5
      12
       8
       9
      10
       8
      13
      10
      10
      16
      17
       9
      15
       6
       6
       6
      10
      10
      15
      10
      10
       9
      12
       8
       6
       4
       9
      11
       6
      10
       9
      10
       9
       7
       7
       3
      11
       8
       7
       5
       9
       9
       9
       7
       5
      11
       7
      13
       8
      10
      15
       5
       7
       5
       4
      11
       3
       8
       8
       7
      12
       4
       4
       5
       4
       8
       8
       3
       7
       7
       5
       6
       7
       8
       4
      10
       7
       2
       6
       7
       7
       3
       6
       6
       6
       7
       5
       7
       4
       7
      11
       3
       5
       3
       1
       6
       3
       3
       3
       4
       2
       9
       1
       7
       7
       9
       9
       5
       7
       6
       4
       3
       6
       1
       1
       9
       6
       6
       7
       6
       3
       2
       3
       3
       8
       9
       7
       7
       6
      12
       5
       6
       4
       4
      10
       4
       4
       7
      10
       5
       4
       4
      12
       4
       6
       7
       1
       9
       8
       3
       6
       8
       2
      10
       9
       0
       6
       7
       2
       7
       2
       6
       6
       4
       4
       5
       9
       8
       7
       6
       5
       9
       4
       8
       5
       6
       7
       4
       4
       3
      10
       8
       8
       9
       6
       3
       2
       3
       5
       2
       4
       4
       8
       6
       5
       3
       4
       8
      11
       5
       7
       5
       2
       4
       5
       5
       4
      10
       5
       4
       5
       7
       4
       5
       5
       4
       1
       4
       3
       5
       6
       3
       1
       4
       5
       7
       7
       4
       4
       9
       4
       2
       2
       6
       4
       7
      10
       4
       4
       3
       6
       5
       4
       4
       4
       5
       4
       4
       3
       4
       6
       6
       5
       4
       1
       4
       8
       2
       5
       6
       4
       3
       4
       1
       4
       4
       5
       2
       8
       7
       4
      13
       5
       1
       5
       6
       7
       6
       3
      10
       5
       4
       3
       3
      13
       7
       6
       4
       4
       9
       5
       1
       5
       6
      10
       7
       4
       3
       5
       4
       7
       2
       5
       5
       8
       6
       2
       6
       6
       6
       8
       6
       6
       7
       5
       3
       5
       6
       5
       0
       7
       6
       5
       5
       3
       5
       9
       5
       4
       2
       9
       6
       9
       5
      11
       5
       3
       7
       3
      11
       3
       2
       7
       5
       7
       6
       4
       5
       4
       4
       3
       5
       6
       2
       2
      11
       5
       4
       2
       4
       7
       3
       2
       4
       4
       4
       5
       1
       3
       5
       5
       3
       6
       5
       4
       6
       4
       4
       3
       4
       4
       2
       5
       5
       6
       9
       2
       2
       1
       6
       5
       3
       3
       3
       4
       6
       5
       3
       3
       4
       3
       5
       3
       4
       1
       2
       1
       4
       2
       4
       0
       5
       6
       4
       6
       3
       2
       4
       4
       5
       4
       6
       2
       4
       3
       3
       5
       3
       3
       9
       6
       3
       1
       1
       2
       2
       4
       2
       4
       7
       4
       4
       4
       3
       4
       6
       3
       4
       4
       1
       5
       4
       3
       6
       5
       4
       5
       3
       3
       5
       3
       2
       4
       4
       0
       4
       2
       2
       4
       2
       3
       5
       3
       7
       3
       1
       4
       4
       5
       5
       3
       3
       2
       5
       1
       0
       6
       3
       3
       2
       5
       2
       2
       3
       2
       3
       7
       1
       2
       2
       2
       2
       5
       2
       4
       6
       1
       4
       5
       3
       4
       4
       3
       5
       6
       7
       1
       3
       3
       1
       1
       2
       4
       6
       5
       3
       3
       1
       3
       4
       4
       4
       5
       3
       4
       5
       1
       7
       5
       2
       9
       5
       5
       2
       2
       2
       4
       4
       7
       1
       5
       3
       7
       2
       3
       7
       3
       0
       1
       3
       1
       1
       3
       1
       7
       2
       6
       4
       4
       2
       2
       7
       5
       5
       3
       1
       6
       3
       3
       5
      10
       1
       4
       5
       1
       1
       5
       5
       5
       5
       3
       4
       3
       4
       3
       3
       4
       3
       6
       4
       3
       4
       2
       4
       7
       3
       2
       5
       6
       3
       3
       3
       4
       1
       2
       3
       4
       4
       4
       2
       2
       5
       3
       2
       5
       1
       4
       4
       7
       3
       7
       4
       5
       2
       5
       3
       7
       5
       6
       5
       4
       7
       5
       3
       7
       5
       5
       4
       1
       2
       4
       2
       2
       5
       5
       5
       3
       2
       4
       3
       7
       5
       4
       3
       4
       6
       4
       5
       4
       4
       3
       3
       2
       3
       5
       3
       5
       4
       4
       5
       3
       0
       4
       7
       6
       4
       4
       8
       9
       2
       5
      10
       5
      11
       6
       6
       5
       7
       6
       1
       6
       3
       5
       3
       3
       3
       7
       9
       4
       5
       3
       4
       3
       3
       6
       5
       4
       7
       6
       7
       4
       0
       6
       4
       5
       5
       3
       4
       2
       6
      11
       7
       6
       5
       4
       4
       8
       5
       2
       5
       2
       3
       5
       1
       5
       7
       4
       1
       6
       5
      10
       9
       3
       4
       6
       6
       3
      11
       6
       3
       0
       8
       8
       8
       4
       5
       4
       2
       5
       7
       7
       5
      10
      10
       6
       8
      12
       4
       4
       2
       3
       8
       6
       6
       2
       5
       6
       3
       8
      10
      11
       5
       3
       6
       6
       9
       4
       7
       5
       4
       8
       8
       0
       0
       7
       1
       5
       3
       4
       7
       6
       6
       3
       5
       2
       3
       8
       2
       8
       6
       2
       8
       2
       2
       3
       2
       4
       3
       5
      10
       2
       4
       4
       7
       4
       5
       6
       4
       7
       5
       3
       4
       5
       4
       5
       7
       6
       3
       5
       2
       1
       3
       6
       6
       6
       6
       7
       6
       5
       7
       4
       7
       7
       5
       3
       3
       5
       6
       4
       6
       5
      12
       6
       5
       5
       1
       6
       6
       2
       3
       1
       1
       2
       3
       4
       7
       6
       3
       5
       4
       6
       2
       0
       3
       6
       1
       4
       3
       2
       4
       5
       7
       2
       4
       0
       4
       3
       2
       8
       2
       7
       4
       4
       4
       4
       6
       2
       4
       5
       5
       4
       5
       0
       7
       2
       3
       3
       4
       3
       3
       6
       1
       4
       4
       0
       3
       4
       3
       3
       2
       6
       6
       2
       3
       1
       4
       3
       4
       6
       5
       7
       2
       4
       5
       4
       1
       2
       5
       3
       2
       2
       2
       4
       3
       2
       9
       2
       6
       7
       5
       3
       3
       8
       2
       4
       9
       7
       4
       2
       5
       5
       3
       4
       2
       0
       2
       5
       1
       0
       4
       5
       4
       2
       1
       0
       2
       3
       2
       1
       1
       4
       5
       4
       3
       4
       0
       2
       2
       0
       5
       1
       6
       6
       3
       5
       4
       4
       3
       4
       2
       3
       4
       4
       3
       3
       0
       3
       4
       5
       1
       1
       2
       2
       4
       0
       1
       7
       0
       3
       6
       4
       5
       2
       2
       3
       0
       2
       2
       4
       6
       3
       3
       2
       4
       4
       2
       2
       2
       2
       5
       5
       5
       1
       3
       1
       1
       1
       2
       4
       5
       1
       5
       7
       4
       3
       1
       4
       5
       1
       0
       2
       0
       3
       1
       7
       6
       3
       1
       4
       1
       1
       3
       3
       2
       2
       5
       5
       4
       2
       3
       2
       2
       3
       1
       2
       3
       2
       2
       4
       3
       2
       2
       0
       1
       2
       2
       5
       2
       4
       0
       5
       1
       1
       1
       0
       5
       0
       2
       6
       1
       1
       4
       1
       5
       5
       5
       3
       2
       5
       4
       4
       1
       5
       4
       2
       4
       1
       3
       3
       3
       4
       5
       3
       3
       2
       1
       1
       3
       4
       0
       2
       2
       2
       8
       5
       5
       3
       3
       2
       8
       4
       3
       0
       2
       3
       1
       4
       4
       2
       3
       3
       1
       4
       2
       1
       3
       4
       2
       4
       0
       1
       5
       3
       0
       5
       3
       1
       2
       4
       0
       3
       3
       1
       2
       4
       2
       5
       3
       3
       3
       4
       6
       1
       1
       3
       3
       4
       0
       0
       1
       2
       2
       2
       4
       3
       1
       3
       0
       3
       0
       2
       1
       2
       1
       2
       1
       7
       6
       2
       1
       4
       1
       2
       4
       4
       3
       2
       1
       1
       5
       1
       0
       4
       3
       4
       9
       3
       6
       2
       3
       4
       2
       2
       4
       5
       4
       1
       4
       3
       3
       3
       5
       1
       1
       3
       1
       5
       1
       1
       2
       2
       4
       1
       3
       1
       2
       1
       0
       2
       1
       2
       4
       1
       4
       5
       1
       2
       2
       2
       1
       7
       3
       3
       5
       1
       3
       3
       3
       2
       2
       4
       3
       2
       1
       3
       1
       1
       2
       2
       5
       3
       2
       2
       1
       2
       1
       2
       3
       1
       3
       6
       2
       0
       2
       5
       1
       1
       2
       4
       2
       0
       3
       3
       2
       2
       2
       5
       4
       1
       1
       2
       4
       5
       3
       1
       1
       4
       2
       1
       2
       1
       1
       1
       2
       1
       3
       5
       5
       2
       1
       1
       4
       5
       2
       3
       2
       1
       3
       5
       2
       3
       1
       5
       4
       2
       3
       2
       1
       0
       2
       1
       3
       3
       2
       1
       2
       3
       1
       2
       2
       2
       0
       2
       0
       0
       2
       3
       3
       1
       1
       3
       1
       3
       2
       1
       2
       1
       0
       3
       2
       5
       3
       3
       1
       3
       4
       1
       0
       0
       1
       3
       3
       2
       5
       1
       2
       3
       2
       3
       4
       2
       2
       1
       4
       2
       1
       4
       3
       1
       0
       2
       2
       1
       1
       2
       1
       1
       0
       3
       1
       0
       1
       4
       2
       1
       2
       3
       0
       1
       3
       7
       1
       1
       2
       5
       2
       1
       3
       2
       1
       2
       2
       2
       0
       0
       4
       3
       3
       4
       3
       5
       1
       4
       1
       3
       1
       1
       1
       1
       1
       0
       5
       4
       1
       4
       4
       2
       1
       3
       2
       2
       1
       1
       2
       2
       0
       1
       2
       1
       5
       2
       3
       1
       2
       1
       0
       3
       4
       3
       1
       3
       8
       1
       4
       4
       3
       1
       1
       2
       3
       1
       0
       1
       2
       0
       3
       4
       2
       1
       1
       1
       2
       0
       0
       2
       1
       2
       2
       3
       1
       1
       2
       0
       2
       3
       3
       2
       3
       3
       3
       4
       1
       1
       0
       4
       2
       0
       4
       2
       3
       2
       3
       1
       1
       1
       3
       1
       3
       0
       2
       1
       1
       3
       1
       1
       2
       1
       1
       1
       1
       4
       2
       1
       0
       3
       4
       1
       2
       5
       0
       0
       2
       0
       4
       2
       2
       2
       0
       4
       2
       4
       2
       2
       2
       3
       0
       1
       0
       1
       3
       2
       0
       5
       4
       2
       4
       0
       2
       5
       3
       2
       2
       1
       2
       1
       3
       2
       2
       2
       1
       0
       3
       4
       4
       1
       3
       7
       2
       3
       1
       1
       4
       2
       4
       2
       3
       1
       2
       2
       4
       1
       4
       4
       3
       1
       3
       2
       1
       1
       1
       0
       1
       0
       4
       2
       2
       1
       6
       1
       1
       3
       2
       2
       1
       4
       1
       1
       3
       2
       5
       4
       3
       1
       3
       3
       9
       3
       2
       1
       5
       2
       5
       0
       0
       0
       3
       4
       3
       3
       3
       3
       3
       2
       1
       3
       1
       5
       3
       6
       3
       0
       5
       3
       4
       3
       3
       3
       3
       2
       2
       0
       3
       0
       3
       3
       3
       4
       2
       1
       2
       4
       1
       1
       5
       5
       8
       2
       3
       3
       4
       2
       0
       5
       2
       1
       1
       0
       4
       2
       6
       2
       5
       3
       4
       3
       1
       3
       4
       3
       2
       2
       4
       4
       4
       5
       1
       1
       4
       5
       1
       1
       3
       5
       2
       2
       2
       0
       3
       3
       3
       1
       5
       4
       3
       2
       2
       2
       2
       1
       2
       6
       1
       3
       2
       5
       1
       1
       5
       2
       2
       5
       2
       3
       5
       1
       2
       4
       4
       0
       8
       4
       3
       6
       2
       7
       0
       2
       1
       4
       2
       1
       7
       3
       4
       5
       3
       2
       6
       1
       1
       1
       4
       4
       6
       0
       8
       9
       1
       4
       5
       4
       2
       6
       3
       5
       3
       5
       3
       1
       4
       4
       3
       1
       3
       2
       5
       2
       5
       4
       5
       4
       2
       2
       3
       4
       5
       4
       2
       4
       5
       0
       3
       1
       3
       0
       5
       2
       2
       5
       2
       2
       1
       3
       4
       1
       2
       1
       4
       3
       4
       5
       1
       3
       2
       4
       2
       5
       7
       5
       0
       4
       3
       4
       5
       4
       1
       5
       2
       1
       1
       3
       6
       2
       5
       4
       1
       5
       5
       1
       8
       2
       2
       3
       5
       2
       4
       4
       3
       2
       1
       0
       1
       3
       2
       2
       3
       6
       3
       1
       4
       4
       2
       4
       3
       4
       5
       2
       4
       3
       5
       6
       2
       3
       2
       3
       3
       2
       2
       1
       2
       4
       1
       7
       3
       3
       2
       2
       1
       2
       6
       2
       2
       3
       7
       5
       3
       4
       3
       5
       2
       0
       5
       3
       0
       3
       3
       6
       1
       3
       3
       2
       4
       2
       2
       2
       1
       3
       4
       4
       3
       2
       1
       6
       6
       4
       4
       2
       5
       6
       4
       4
       3
       2
       2
       6
       3
       4
       1
       2
       5
       3
       1
       5
       3
       4
       1
       1
       2
       9
       3
       5
       3
       3
       6
       5
       5
       3
       2
       2
       1
       5
       1
       4
       4
       6
       1
       5
       2
       3
       6
       6
       5
       4
       3
       1
       6
       3
       7
       0
       2
       3
       2
       3
       2
       4
       2
       1
       3
       1
       5
       5
       4
       2
       0
       2
       0
       2
       5
       0
       3
       3
       2
       1
       1
       2
       2
       2
       6
       1
       0
       2
       4
       3
       0
       4
       7
       4
       5
       4
       5
       3
       3
       5
       3
       4
       1
       4
       2
       5
       5
       2
       5
       0
       1
       4
       5
       5
       1
       3
       5
       0
       5
       2
       5
       4
       3
       1
       2
       2
       0
       2
       3
       1
       6
       4
       1
       4
       2
       3
       3
       3
       2
       2
       2
       2
       4
       3
       3
       4
       2
       5
       3
       3
       1
       2
      10
       0
       5
       2
       8
       2
       2
       4
       5
       0
       2
       1
       3
       2
       0
       1
       0
       4
       1
       3
       1
       2
       2
       1
       4
       1
       4
       4
       5
       0
       4
       3
       0
       1
       1
       2
       2
       5
       0
       3
       2
       2
       2
       6
       2
       4
       6
       2
       7
       1
       3
       7
       1
       2
       3
       3
       2
       4
       2
       2
       1
       3
       3
       3
       5
       0
       1
       4
       4
       4
       4
       2
       4
       3
       3
       0
       1
       5
       1
       0
       0
       1
       2
       4
       2
       2
       3
       1
       4
       3
       3
       3
       2
       2
       2
       5
       4
       2
       0
       2
       1
       2
       3
       4
       3
       4
       0
       2
       2
       2
       0
       5
       3
       2
       4
       2
       1
       1
       1
       2
       2
       1
       2
       2
       2
       2
       3
       1
       2
       3
       3
       4
       1
       1
       0
       2
       3
       3
       0
       2
       3
       1
       5
       0
       4
       2
       1
       4
       3
       3
       2
       1
       2
       2
       2
       3
       4
       4
       4
       1
       0
       1
       1
       0
       4
       2
       2
       2
       2
       3
       3
       1
       4
       5
       1
       4
       3
       4
       0
       2
       0
       0
       0
       1
       1
       0
       4
       1
       2
       1
       3
       1
       0
       2
       5
       2
       2
       2
       1
       2
       3
       2
       0
       2
       1
       2
       3
       1
       2
       1
       3
       3
       2
       2
       3
       1
       0
       1
       1
       4
       2
       3
       2
       2
       2
       2
       3
       2
       3
       3
       1
       3
       4
       2
       0
       1
       2
       3
       2
       2
       2
       0
       2
       1
       4
       4
       2
       1
       3
       1
       2
       1
       2
       4
       3
       1
       2
       3
       2
       2
       0
       5
       1
       3
       3
       4
       1
       1
       1
       3
       0
       3
       2
       2
       2
       3
       1
       3
       3
       2
       4
       2
       3
       2
       2
       4
       1
       2
       2
       0
       2
       1
       6
       2
       3
       0
       2
       1
       2
       1
       0
       1
       2
       4
       3
       3
       3
       1
       6
       2
       2
       1
       2
       2
       3
       4
       1
       2
       2
       1
       1
       2
       6
       4
       1
       0
       2
       0
       7
       3
       2
       1
       2
       0
       2
       0
       3
       2
       3
       3
       3
       1
       0
       2
       2
       1
       0
       2
       2
       1
       3
       1
       2
       0
       3
       3
       2
       0
       1
       2
       1
       0
       1
       3
       3
       3
       3
       3
       2
       4
       3
       1
       3
       3
       2
       5
       2
       3
       3
       2
       3
       2
       4
       1
       3
       3
       2
       1
       3
       1
       0
       2
       1
       0
       2
       0
       5
       0
       2
       5
       1
       1
       2
       0
       1
       2
       0
       2
       2
       1
       1
       2
       2
       1
       4
       0
       1
       0
       3
       3
       0
       2
       0
       0
       1
       2
       1
       1
       2
       2
       1
       2
       1
       2
       3
       1
       5
       1
       2
       0
       1
       2
       4
       2
       3
       1
       3
       2
       2
       0
       4
       3
       0
       1
       1
       3
       2
       0
       2
       1
       1
       3
       4
       2
       1
       2
       1
       2
       2
       1
       0
       0
       2
       2
       1
       1
       0
       0
       0
       1
       0
       0
       1
       1
       1
       3
       1
       3
       1
       3
       3
       2
       0
       1
       1
       2
       5
       3
       1
       0
       2
       1
       0
       1
       0
       3
       1
       1
       1
       1
       2
       1
       3
       2
       0
       0
       2
       2
       2
       1
       1
       1
       0
       0
       0
       0
       1
       0
       1
       2
       0
       2
       2
       3
       1
       0
       2
       0
       3
       3
       0
       2
       0
       0
       0
       1
       0
       0
       0
       0
       0
       1
       0
       1
       2
       0
       1
       0
       0
       1
       2
       0
       2
       2
       4
       1
       3
       2
       1
       1
       1
       1
       1
       1
       0
       1
       0
       1
       2
       0
       2
       1
       1
       1
       0
       2
       1
       0
       0
       1
       2
       1
       1
       0
       2
       0
       0
       1
       1
       2
       1
       1
       1
       1
       3
       3
       0
       1
       1
       0
       0
       1
       0
       1
       1
       1
       1
       1
       1
       1
       0
       0
       1
       0
       1
       2
       1
       1
       0
       1
       4
       2
       3
       0
       1
       1
       0
       2
       0
       0
       2
       2
       1
       3
       0
       2
       0
       0
       2
       1
       0
       1
       0
       4
       1
       1
       0
       1
       0
       0
       2
       0
       2
       0
       1
       0
       2
       4
       1
       0
       1
       5
      12
       9
       7
       9
      10
      13
       8
       5
       7
      12
      12
      15
      12
       8
       6
      10
      13
      11
       6
      10
      16
      15
       7
       4
       8
       8
       6
      11
       9
       9
      12
      13
      11
      10
       8
      12
      12
       9
       7
       9
      12
      10
       9
       8
      13
       8
      10
      12
       3
      11
      11
      15
      10
      10
       9
      13
       8
      10
      10
       9
       8
      14
       8
      13
      14
       9
      13
       9
      11
       6
       5
      15
      15
       8
      12
      14
       8
      14
      13
       8
       9
       9
       8
       7
       9
       9
       3
       8
      16
      11
       6
      10
       7
       4
      10
       8
       5
       6
       6
      11
       9
      11
       9
      11
       8
      11
      11
      13
      10
      12
      11
       8
      14
       9
       8
      11
       7
       6
       7
       5
       8
       5
       7
       7
       8
      12
       9
      11
      10
       6
      10
       4
      12
      11
      11
      13
      13
      13
       6
       9
      11
      12
       7
       7
       6
       7
       9
       7
       6
       6
       7
      10
       5
      10
       8
       4
       7
       8
      14
       7
       6
       7
      13
       9
      14
       6
      10
      14
      10
      11
       4
       9
       6
      12
      10
      11
      15
      10
      10
      13
      14
       5
       8
       3
$ROI:
1
4694 5273
$PRESETS:
Live Time
3600
0
$ENER_FIT:
-2.564146 5.859323
$MCA_CAL:
3
-2.564146E+000 5.859323E+000 2.989855E-004 keV
$SHAPE_CAL:
3
1.469019E+001 -5.192660E-002 5.111356E-005
