$SPEC_ID:
No sample description was entered.
$SPEC_REM:
DET# 1
DETDESC# DESKTOP-PA1F0GF MCB 337
AP# Maestro Version 7.01
$DATE_MEA:
04/14/2026 17:50:21
$MEAS_TIM:
85015 85285
$DATA:
0 8191
       0
       0
       0
       0
       0
       0
       0
       0
       0
       0
       0
       0
       0
       0
       0
       0
       0
       0
       0
       0
       0
       0
       0
       0
       0
       0
       0
       0
       0
       0
       0
       0
       0
       0
       0
       0
       0
       0
       0
       0
       0
       0
       0
       0
       0
       0
       0
       0
       0
       0
       0
       0
       0
       0
       0
       0
       0
       0
       0
       0
       0
       0
       0
       1
       0
       0
       0
       0
       1
       0
       0
       0
       0
       0
       0
       1
       0
       0
      11
     194
     471
     862
    1317
    1893
    2354
    2838
    3426
    3847
    4265
    4771
    5074
    5537
    5499
    5580
    5517
    5615
    5629
    5784
    5793
    5865
    5706
    5747
    5879
    5953
    5870
    5913
    5996
    6225
    6207
    6235
    6083
    6227
    6397
    6366
    6444
    6483
    6464
    6603
    6826
    6823
    6852
    6737
    6802
    7042
    6879
    7001
    7063
    7029
    7041
    7096
    7185
    7165
    7260
    7152
    7143
    7296
    7195
    7335
    7229
    7337
    7201
    7184
    7128
    7308
    7157
    7139
    7283
    7133
    7202
    7104
    7264
    7146
    7104
    7282
    7140
    7342
    7420
    7410
    7348
    7504
    7304
    7650
    7488
    7584
    7732
    7788
    7795
    7823
    7721
    8015
    7839
    7927
    8065
    8075
    8240
    8246
    8241
    8365
    8318
    8678
    8693
    8544
    8751
    8825
    8849
    9037
    9089
    9078
    9014
    9342
    9422
    9561
    9529
    9695
    9624
    9527
    9850
    9818
   10076
   10125
   10331
   10313
   10391
   10502
   10737
   10729
   10966
   11129
   11134
   11316
   11428
   11408
   11814
   11730
   12044
   12087
   12317
   12575
   12523
   12671
   12784
   12923
   13063
   13382
   13563
   13792
   13670
   13826
   14262
   14186
   14356
   14473
   14973
   15156
   14990
   15287
   15368
   15301
   15774
   15963
   16150
   16314
   16643
   16512
   16754
   17106
   17330
   17234
   17517
   17555
   17821
   18009
   18208
   18390
   18614
   18631
   18762
   18849
   19032
   19433
   19128
   19612
   19691
   19693
   19977
   20182
   20442
   20550
   20620
   20818
   21691
   21191
   21734
   21717
   21965
   22204
   22187
   22394
   22716
   22992
   23014
   23406
   23803
   23682
   23525
   24145
   24255
   24331
   24620
   24817
   25237
   24864
   25001
   25438
   25557
   25666
   25576
   25883
   25875
   26115
   25920
   25940
   26063
   26421
   26673
   26527
   26409
   26330
   26101
   26536
   26364
   26142
   26399
   26460
   26469
   26446
   26522
   26564
   26389
   26763
   26401
   26590
   26635
   26565
   26457
   26646
   26812
   26667
   26841
   26962
   26657
   26856
   27046
   27076
   27165
   27226
   27314
   27298
   27311
   27258
   27522
   27344
   27619
   27194
   27536
   27504
   27507
   27768
   27176
   27381
   27615
   27632
   27844
   27422
   27575
   27508
   27524
   27651
   27790
   27334
   27561
   27429
   27377
   27478
   27376
   27644
   27719
   27492
   27608
   27294
   27171
   27320
   27376
   27198
   27028
   27208
   27260
   27236
   27261
   27103
   27006
   27266
   27464
   27188
   27083
   26995
   26989
   27023
   27293
   27031
   27233
   26877
   27118
   26924
   26941
   26936
   26972
   27034
   26804
   26922
   26901
   27342
   27089
   26957
   26774
   26847
   26757
   27058
   26540
   26714
   26770
   26997
   26719
   26694
   26752
   26927
   26575
   27028
   26826
   26397
   26593
   26379
   26490
   26383
   26269
   26359
   26478
   26594
   26493
   26475
   26417
   26373
   26336
   26380
   26458
   26325
   25984
   25909
   26475
   26067
   26135
   26059
   25929
   26303
   26237
   25867
   26083
   26015
   25832
   25898
   26127
   25824
   25858
   25610
   25627
   25595
   25666
   25611
   25377
   25588
   25469
   25728
   25472
   25526
   25469
   25252
   25214
   25190
   25591
   25114
   25333
   25142
   24993
   25103
   25174
   25068
   24810
   24874
   24843
   24647
   25108
   24684
   24741
   24651
   24595
   24625
   24539
   24488
   24587
   24380
   24243
   24186
   24274
   24434
   24217
   23993
   24207
   23994
   24092
   24068
   24072
   24327
   23929
   23830
   23712
   23476
   23366
   23567
   23813
   23155
   23285
   23570
   23236
   23483
   23300
   23286
   23103
   22979
   23099
   22793
   23062
   23017
   22740
   22788
   23004
   22379
   22696
   22306
   22390
   22570
   22232
   22207
   22295
   22196
   22129
   21899
   22327
   22113
   22089
   21965
   21815
   21533
   21850
   21950
   21863
   21738
   21678
   21518
   21344
   20967
   21272
   21191
   21132
   21432
   20958
   21273
   20990
   21087
   21145
   20545
   20683
   21111
   20727
   20743
   20738
   20682
   20384
   20759
   20331
   20301
   20626
   20261
   20373
   20196
   20118
   20178
   19820
   20234
   19864
   19903
   20001
   19693
   19804
   19846
   19511
   19679
   19570
   19626
   19379
   19367
   19061
   19170
   19265
   19032
   19070
   19054
   19040
   18682
   19376
   18842
   18782
   18833
   18982
   18654
   18621
   18546
   18573
   18587
   18337
   18408
   18309
   18415
   18281
   18304
   18008
   18064
   17934
   17979
   18205
   18081
   17965
   17980
   17917
   17817
   17867
   17483
   17713
   17688
   17590
   17700
   17608
   17463
   17483
   17291
   17623
   17549
   17177
   17277
   17340
   17411
   17227
   17390
   16907
   17198
   16959
   17060
   16919
   16855
   16737
   16832
   16886
   16885
   17054
   16625
   16643
   16748
   16459
   16495
   16526
   16429
   16616
   16441
   16263
   16429
   16576
   16449
   16412
   16323
   16157
   16074
   16034
   16197
   16004
   16045
   16075
   16236
   16249
   15841
   15915
   15803
   15889
   15731
   15684
   15841
   16006
   15653
   15935
   15574
   15641
   15700
   15340
   15499
   15366
   15652
   15654
   15445
   15281
   15560
   15129
   15331
   15154
   15088
   14997
   15099
   14831
   14963
   15251
   15109
   14928
   14969
   14798
   14763
   14856
   14704
   14817
   14715
   14862
   14566
   14611
   14452
   14524
   14463
   14269
   14466
   14281
   14260
   14202
   14260
   14224
   14337
   14407
   14325
   14155
   14180
   13871
   14031
   14024
   14054
   13986
   13929
   13928
   13937
   14056
   14014
   13869
   13869
   13817
   13657
   13670
   13913
   13685
   13538
   13657
   13715
   13624
   13644
   13721
   13613
   13806
   13468
   13723
   13751
   13611
   13381
   13223
   13456
   13312
   13236
   13308
   13311
   13587
   13354
   13325
   13325
   13107
   13284
   13271
   13195
   13011
   13178
   12841
   13020
   12892
   12894
   13141
   12959
   13182
   12866
   12950
   12794
   12856
   12817
   12632
   12716
   12809
   12876
   12821
   12733
   12700
   12666
   12596
   12537
   12696
   12604
   12620
   12512
   12527
   12525
   12594
   12447
   12551
   12673
   12448
   12415
   12708
   12480
   12359
   12469
   12355
   12579
   12243
   12498
   12488
   12336
   12491
   12243
   12345
   12574
   12426
   12431
   12743
   12314
   12409
   12451
   12523
   12498
   12275
   12294
   12209
   12510
   12405
   12561
   12283
   12352
   12632
   12701
   12573
   12386
   12478
   12354
   12458
   12400
   12357
   12439
   12251
   12372
   12418
   12189
   12449
   12538
   12318
   12499
   12305
   12243
   12236
   12087
   12149
   12193
   12142
   12031
   11990
   12125
   12242
   12022
   12026
   11936
   11880
   11930
   11704
   11694
   11701
   11756
   11613
   11611
   11510
   11474
   11335
   11371
   11283
   11058
   11211
   11138
   11174
   11043
   10679
   10945
   10833
   11028
   10703
   10868
   10483
   10658
   10381
   10370
   10061
   10451
   10227
   10170
   10122
   10115
   10075
    9939
    9846
    9924
    9772
    9746
    9728
    9567
    9524
    9585
    9563
    9369
    9388
    9275
    9411
    9309
    9208
    9240
    9248
    9242
    9159
    9047
    9052
    8924
    8814
    8912
    8932
    8865
    8693
    8688
    8729
    8812
    8804
    8664
    8715
    8452
    8487
    8522
    8439
    8484
    8375
    8437
    8264
    8352
    8433
    8369
    8307
    8225
    8266
    8390
    8176
    8297
    8328
    8359
    8105
    8143
    8086
    8043
    8204
    8037
    8014
    8113
    7947
    7831
    7938
    7834
    7906
    8039
    7919
    7847
    7844
    7803
    7795
    7887
    7738
    7767
    7781
    7842
    7853
    7587
    7536
    7620
    7610
    7737
    7702
    7595
    7621
    7577
    7614
    7557
    7434
    7347
    7517
    7525
    7486
    7482
    7425
    7559
    7330
    7475
    7396
    7258
    7281
    7378
    7403
    7369
    7307
    7184
    7236
    7362
    7399
    7200
    7335
    7221
    7382
    7203
    7252
    7318
    7153
    7171
    7254
    7277
    7060
    7348
    7015
    7249
    7145
    6993
    7136
    7085
    7097
    7244
    7045
    7173
    6934
    6948
    6997
    6897
    6990
    7071
    6978
    6959
    6928
    7019
    7000
    6897
    6983
    6910
    6930
    6988
    6807
    6976
    6906
    6806
    6788
    6768
    6707
    6754
    6773
    6764
    6813
    6836
    6806
    6699
    6720
    6596
    6681
    6671
    6750
    6481
    6531
    6601
    6487
    6402
    6538
    6658
    6455
    6559
    6548
    6470
    6587
    6471
    6375
    6303
    6410
    6331
    6448
    6211
    6352
    6282
    6289
    6249
    6256
    6338
    6223
    6094
    6140
    6189
    6077
    6044
    6003
    6133
    6058
    6201
    6017
    6000
    5998
    5877
    6023
    5854
    5933
    5887
    5803
    5908
    5852
    5723
    5744
    5808
    5852
    5811
    5686
    5744
    5589
    5824
    5664
    5596
    5755
    5646
    5624
    5643
    5597
    5604
    5707
    5485
    5697
    5550
    5515
    5515
    5608
    5531
    5584
    5630
    5449
    5398
    5593
    5622
    5514
    5388
    5554
    5386
    5374
    5447
    5499
    5458
    5542
    5311
    5394
    5418
    5414
    5514
    5385
    5421
    5472
    5488
    5371
    5380
    5385
    5369
    5487
    5479
    5353
    5393
    5429
    5293
    5317
    5342
    5354
    5393
    5339
    5353
    5413
    5371
    5311
    5391
    5232
    5299
    5388
    5272
    5414
    5344
    5432
    5384
    5309
    5337
    5383
    5352
    5279
    5363
    5433
    5304
    5452
    5379
    5217
    5295
    5389
    5338
    5464
    5422
    5471
    5420
    5326
    5202
    5341
    5307
    5385
    5331
    5356
    5370
    5277
    5268
    5410
    5205
    5319
    5365
    5337
    5251
    5388
    5190
    5234
    5355
    5207
    5268
    5252
    5227
    5222
    5289
    5304
    5198
    5249
    5285
    5242
    5267
    5170
    5207
    5210
    5288
    5245
    5181
    5136
    5091
    5159
    5243
    5141
    5154
    5073
    4964
    5062
    5061
    5024
    5014
    5051
    4951
    4954
    4911
    5000
    4974
    4804
    4930
    4870
    4950
    4878
    4806
    4817
    4808
    4810
    4899
    4633
    4724
    4809
    4735
    4751
    4873
    4712
    4759
    4588
    4607
    4736
    4650
    4528
    4619
    4572
    4489
    4384
    4501
    4579
    4456
    4471
    4582
    4344
    4296
    4411
    4293
    4406
    4342
    4480
    4189
    4263
    4291
    4211
    4181
    4270
    4271
    4177
    4229
    4101
    4047
    4115
    4245
    4128
    4064
    3986
    4070
    3965
    3997
    4102
    4080
    3915
    3927
    3988
    3891
    3937
    3867
    3965
    3881
    3852
    3956
    3821
    3948
    3831
    3794
    3846
    3812
    3797
    3822
    3702
    3752
    3791
    3734
    3732
    3680
    3670
    3758
    3766
    3765
    3717
    3707
    3686
    3696
    3697
    3643
    3541
    3667
    3492
    3699
    3636
    3715
    3683
    3462
    3560
    3607
    3632
    3625
    3682
    3588
    3495
    3593
    3478
    3462
    3559
    3578
    3406
    3416
    3459
    3532
    3522
    3373
    3565
    3543
    3475
    3526
    3345
    3450
    3453
    3442
    3429
    3468
    3392
    3417
    3407
    3500
    3499
    3446
    3482
    3439
    3472
    3423
    3493
    3417
    3469
    3435
    3409
    3370
    3372
    3462
    3350
    3373
    3343
    3451
    3365
    3349
    3285
    3397
    3325
    3297
    3459
    3364
    3327
    3290
    3380
    3313
    3264
    3226
    3235
    3284
    3256
    3206
    3228
    3221
    3310
    3303
    3357
    3138
    3267
    3274
    3323
    3228
    3234
    3240
    3252
    3284
    3238
    3201
    3232
    3186
    3257
    3212
    3222
    3246
    3385
    3090
    3237
    3209
    3106
    3139
    3253
    3232
    3261
    3162
    3094
    3195
    3120
    3140
    3090
    3200
    3087
    3226
    3161
    3112
    3139
    3075
    3135
    3112
    3188
    3171
    3078
    3110
    3251
    3139
    3104
    3053
    3063
    3075
    3042
    3067
    3075
    3092
    3212
    3121
    3099
    3035
    3023
    3027
    3013
    3065
    3010
    3050
    3003
    2992
    2934
    2963
    3015
    3035
    2970
    2939
    3004
    3033
    3058
    2912
    2984
    2981
    2957
    3005
    2964
    2943
    2964
    2887
    3020
    2969
    3008
    2959
    2926
    2975
    2905
    2963
    2950
    2998
    2995
    2961
    2925
    2979
    2939
    2856
    2811
    2941
    2909
    2957
    2924
    2974
    2941
    2893
    2907
    2895
    2839
    2871
    2820
    2882
    2957
    2826
    2983
    2872
    2870
    2959
    2941
    2956
    2773
    2939
    2899
    2838
    2815
    2795
    2877
    2853
    2922
    2928
    2775
    2782
    2844
    2858
    2953
    2749
    2841
    2740
    2830
    2870
    2794
    2807
    2767
    2765
    2790
    2770
    2839
    2760
    2802
    2756
    2864
    2755
    2721
    2785
    2814
    2788
    2857
    2789
    2765
    2745
    2728
    2745
    2758
    2615
    2788
    2705
    2804
    2769
    2868
    2816
    2726
    2769
    2748
    2754
    2757
    2599
    2694
    2761
    2717
    2791
    2745
    2661
    2741
    2712
    2651
    2757
    2806
    2718
    2777
    2731
    2666
    2702
    2707
    2706
    2708
    2779
    2722
    2655
    2591
    2654
    2648
    2711
    2601
    2649
    2704
    2620
    2742
    2725
    2710
    2714
    2684
    2673
    2606
    2715
    2556
    2624
    2569
    2666
    2622
    2726
    2695
    2690
    2623
    2600
    2683
    2674
    2600
    2596
    2696
    2598
    2599
    2660
    2731
    2675
    2547
    2763
    2673
    2605
    2605
    2614
    2667
    2674
    2483
    2679
    2632
    2589
    2521
    2731
    2554
    2526
    2544
    2577
    2584
    2634
    2634
    2558
    2629
    2592
    2594
    2509
    2562
    2639
    2609
    2513
    2539
    2646
    2596
    2452
    2548
    2585
    2509
    2583
    2523
    2566
    2594
    2490
    2506
    2613
    2543
    2635
    2597
    2584
    2560
    2640
    2517
    2486
    2533
    2615
    2499
    2538
    2413
    2592
    2547
    2631
    2514
    2627
    2597
    2469
    2495
    2554
    2550
    2453
    2507
    2502
    2567
    2418
    2505
    2564
    2522
    2589
    2500
    2519
    2523
    2510
    2572
    2586
    2511
    2603
    2489
    2580
    2576
    2504
    2494
    2498
    2495
    2512
    2558
    2603
    2527
    2478
    2615
    2499
    2489
    2515
    2586
    2612
    2568
    2553
    2511
    2527
    2448
    2576
    2504
    2482
    2558
    2523
    2515
    2460
    2537
    2484
    2548
    2490
    2515
    2537
    2484
    2480
    2563
    2534
    2521
    2623
    2564
    2566
    2467
    2404
    2390
    2483
    2482
    2530
    2518
    2538
    2368
    2437
    2512
    2554
    2567
    2530
    2553
    2439
    2407
    2568
    2504
    2467
    2441
    2470
    2510
    2531
    2462
    2477
    2441
    2480
    2414
    2391
    2428
    2442
    2497
    2464
    2527
    2400
    2390
    2441
    2366
    2358
    2351
    2519
    2342
    2355
    2395
    2444
    2394
    2377
    2366
    2390
    2358
    2351
    2378
    2322
    2291
    2372
    2380
    2427
    2397
    2268
    2339
    2315
    2385
    2335
    2265
    2189
    2337
    2217
    2208
    2313
    2249
    2344
    2181
    2200
    2314
    2279
    2249
    2268
    2309
    2221
    2271
    2366
    2226
    2200
    2251
    2257
    2255
    2276
    2278
    2220
    2303
    2188
    2163
    2203
    2259
    2168
    2202
    2202
    2252
    2231
    2188
    2208
    2201
    2282
    2162
    2124
    2129
    2198
    2252
    2174
    2130
    2149
    2201
    2188
    2185
    2221
    2112
    2106
    2169
    2192
    2186
    2230
    2144
    2173
    2177
    2152
    2152
    2148
    2171
    2134
    2128
    2128
    2187
    2180
    2213
    2144
    2119
    2159
    2157
    2254
    2085
    2116
    2211
    2197
    2148
    2209
    2196
    2197
    2209
    2257
    2226
    2113
    2216
    2159
    2098
    2185
    2073
    2137
    2172
    2150
    2201
    2181
    2188
    2105
    2273
    2162
    2106
    2150
    2269
    2246
    2143
    2151
    2237
    2205
    2228
    2246
    2202
    2290
    2245
    2210
    2310
    2276
    2144
    2215
    2162
    2233
    2255
    2270
    2223
    2299
    2317
    2329
    2274
    2306
    2258
    2224
    2285
    2274
    2328
    2310
    2292
    2334
    2251
    2315
    2316
    2288
    2341
    2374
    2330
    2275
    2325
    2287
    2345
    2346
    2326
    2349
    2383
    2312
    2375
    2329
    2350
    2421
    2389
    2278
    2443
    2384
    2374
    2470
    2371
    2362
    2412
    2332
    2362
    2368
    2429
    2460
    2384
    2395
    2409
    2497
    2405
    2410
    2499
    2521
    2445
    2494
    2390
    2437
    2504
    2415
    2457
    2433
    2492
    2476
    2533
    2584
    2444
    2517
    2534
    2469
    2425
    2444
    2448
    2485
    2500
    2485
    2422
    2542
    2516
    2473
    2560
    2513
    2491
    2357
    2428
    2449
    2449
    2489
    2517
    2481
    2445
    2540
    2495
    2527
    2449
    2513
    2510
    2532
    2480
    2462
    2458
    2522
    2395
    2510
    2441
    2452
    2412
    2455
    2455
    2430
    2409
    2420
    2444
    2379
    2423
    2425
    2449
    2474
    2439
    2444
    2469
    2387
    2502
    2410
    2517
    2440
    2458
    2343
    2463
    2492
    2398
    2386
    2388
    2386
    2396
    2458
    2496
    2409
    2351
    2404
    2502
    2430
    2505
    2548
    2401
    2395
    2430
    2364
    2290
    2458
    2381
    2422
    2401
    2467
    2423
    2383
    2320
    2345
    2396
    2362
    2346
    2383
    2344
    2332
    2294
    2333
    2344
    2422
    2301
    2201
    2396
    2268
    2288
    2260
    2311
    2278
    2272
    2253
    2238
    2213
    2205
    2173
    2151
    2204
    2296
    2149
    2207
    2183
    2245
    2171
    2228
    2195
    2125
    2204
    2227
    2168
    2132
    2155
    2146
    2111
    2165
    2118
    2130
    2067
    2070
    2070
    2071
    2112
    2045
    2049
    1933
    2055
    2073
    1982
    1990
    2054
    2004
    1975
    2032
    2033
    1984
    1998
    2006
    2006
    1959
    1930
    2001
    2013
    1943
    1972
    1916
    2011
    1880
    2004
    1866
    1920
    1907
    1934
    1911
    1809
    1982
    1885
    1945
    1895
    1739
    1860
    1847
    1912
    1891
    1824
    1891
    1823
    1958
    1871
    1864
    1813
    1850
    1851
    1849
    1890
    1742
    1778
    1806
    1806
    1772
    1799
    1691
    1861
    1766
    1879
    1716
    1787
    1751
    1828
    1746
    1813
    1742
    1841
    1672
    1738
    1797
    1692
    1740
    1748
    1773
    1747
    1685
    1809
    1693
    1829
    1819
    1728
    1796
    1794
    1739
    1755
    1766
    1701
    1719
    1723
    1773
    1664
    1693
    1700
    1728
    1765
    1724
    1715
    1787
    1758
    1719
    1697
    1750
    1776
    1653
    1716
    1775
    1744
    1711
    1737
    1676
    1680
    1680
    1637
    1638
    1698
    1657
    1769
    1731
    1698
    1606
    1782
    1709
    1783
    1760
    1676
    1682
    1738
    1687
    1706
    1702
    1675
    1695
    1594
    1727
    1586
    1720
    1724
    1710
    1720
    1625
    1689
    1689
    1648
    1710
    1668
    1708
    1691
    1595
    1622
    1636
    1689
    1664
    1654
    1705
    1614
    1629
    1682
    1754
    1700
    1685
    1674
    1684
    1653
    1644
    1779
    1712
    1603
    1740
    1706
    1703
    1614
    1670
    1738
    1730
    1682
    1690
    1663
    1615
    1650
    1654
    1691
    1691
    1629
    1687
    1661
    1673
    1729
    1667
    1697
    1633
    1695
    1635
    1704
    1685
    1707
    1668
    1665
    1670
    1673
    1606
    1597
    1661
    1629
    1712
    1586
    1660
    1626
    1565
    1614
    1633
    1683
    1714
    1727
    1639
    1661
    1573
    1668
    1602
    1640
    1601
    1621
    1639
    1629
    1741
    1631
    1587
    1708
    1586
    1641
    1653
    1598
    1586
    1666
    1637
    1688
    1627
    1614
    1642
    1635
    1569
    1572
    1594
    1573
    1597
    1676
    1627
    1690
    1608
    1711
    1659
    1587
    1570
    1671
    1675
    1656
    1693
    1607
    1603
    1689
    1650
    1617
    1658
    1614
    1595
    1608
    1668
    1592
    1705
    1598
    1670
    1593
    1621
    1662
    1694
    1534
    1626
    1627
    1598
    1593
    1609
    1613
    1603
    1645
    1574
    1592
    1680
    1650
    1622
    1640
    1656
    1644
    1586
    1629
    1623
    1628
    1653
    1606
    1568
    1565
    1590
    1642
    1631
    1661
    1635
    1628
    1663
    1630
    1666
    1639
    1590
    1674
    1600
    1564
    1662
    1598
    1697
    1693
    1648
    1660
    1637
    1636
    1648
    1646
    1568
    1642
    1613
    1592
    1681
    1608
    1669
    1653
    1648
    1676
    1700
    1618
    1646
    1679
    1621
    1592
    1553
    1610
    1594
    1572
    1640
    1555
    1661
    1647
    1625
    1727
    1578
    1601
    1609
    1613
    1641
    1631
    1578
    1521
    1646
    1626
    1625
    1655
    1697
    1647
    1567
    1607
    1603
    1644
    1606
    1619
    1674
    1636
    1658
    1698
    1671
    1600
    1605
    1627
    1604
    1576
    1640
    1654
    1663
    1633
    1628
    1628
    1661
    1568
    1596
    1600
    1559
    1556
    1583
    1575
    1592
    1649
    1649
    1654
    1556
    1613
    1669
    1598
    1617
    1686
    1585
    1608
    1581
    1659
    1671
    1626
    1601
    1610
    1608
    1617
    1690
    1652
    1622
    1593
    1678
    1585
    1650
    1598
    1594
    1576
    1588
    1639
    1641
    1611
    1537
    1597
    1671
    1670
    1613
    1614
    1659
    1563
    1618
    1611
    1609
    1601
    1628
    1623
    1628
    1589
    1572
    1549
    1691
    1581
    1611
    1621
    1617
    1641
    1596
    1654
    1580
    1590
    1646
    1590
    1606
    1618
    1618
    1580
    1616
    1626
    1698
    1509
    1569
    1593
    1615
    1602
    1606
    1656
    1576
    1579
    1549
    1519
    1596
    1675
    1549
    1599
    1655
    1616
    1562
    1609
    1617
    1623
    1610
    1621
    1666
    1615
    1623
    1634
    1592
    1666
    1604
    1603
    1524
    1625
    1542
    1522
    1596
    1646
    1682
    1596
    1592
    1625
    1564
    1540
    1601
    1599
    1599
    1625
    1567
    1619
    1671
    1587
    1640
    1665
    1506
    1596
    1612
    1599
    1587
    1622
    1645
    1726
    1681
    1624
    1620
    1685
    1591
    1583
    1686
    1579
    1653
    1655
    1636
    1589
    1597
    1577
    1565
    1568
    1614
    1702
    1610
    1577
    1596
    1621
    1621
    1570
    1602
    1654
    1605
    1645
    1595
    1667
    1616
    1577
    1615
    1636
    1607
    1664
    1643
    1584
    1596
    1666
    1617
    1587
    1566
    1602
    1602
    1615
    1577
    1612
    1576
    1586
    1535
    1596
    1641
    1627
    1583
    1605
    1554
    1602
    1594
    1595
    1598
    1661
    1605
    1599
    1633
    1576
    1589
    1582
    1559
    1583
    1615
    1562
    1614
    1594
    1570
    1550
    1561
    1526
    1608
    1600
    1597
    1590
    1536
    1554
    1680
    1624
    1654
    1562
    1572
    1533
    1641
    1598
    1611
    1570
    1573
    1614
    1562
    1565
    1556
    1552
    1555
    1520
    1590
    1587
    1590
    1630
    1637
    1549
    1581
    1506
    1528
    1588
    1600
    1623
    1584
    1533
    1579
    1516
    1568
    1632
    1538
    1590
    1618
    1575
    1555
    1672
    1525
    1564
    1523
    1516
    1513
    1528
    1580
    1560
    1574
    1661
    1544
    1550
    1620
    1556
    1564
    1596
    1632
    1669
    1594
    1588
    1587
    1638
    1599
    1630
    1592
    1528
    1639
    1582
    1598
    1578
    1493
    1617
    1586
    1534
    1594
    1592
    1572
    1530
    1569
    1605
    1553
    1581
    1609
    1553
    1625
    1612
    1668
    1667
    1580
    1589
    1637
    1615
    1648
    1577
    1576
    1502
    1564
    1504
    1617
    1582
    1635
    1565
    1597
    1641
    1555
    1544
    1574
    1598
    1523
    1594
    1634
    1620
    1595
    1513
    1566
    1533
    1550
    1658
    1590
    1650
    1621
    1656
    1634
    1612
    1602
    1582
    1596
    1585
    1554
    1616
    1603
    1621
    1615
    1635
    1608
    1621
    1598
    1608
    1669
    1673
    1590
    1683
    1586
    1602
    1546
    1557
    1678
    1643
    1588
    1559
    1598
    1560
    1537
    1569
    1602
    1645
    1641
    1585
    1624
    1620
    1640
    1646
    1637
    1632
    1582
    1615
    1603
    1618
    1630
    1627
    1666
    1572
    1673
    1568
    1633
    1594
    1602
    1630
    1605
    1620
    1610
    1610
    1575
    1547
    1568
    1612
    1550
    1696
    1579
    1659
    1518
    1622
    1593
    1657
    1578
    1611
    1586
    1614
    1673
    1602
    1642
    1644
    1671
    1556
    1588
    1615
    1648
    1617
    1625
    1640
    1645
    1643
    1652
    1539
    1641
    1629
    1567
    1631
    1644
    1618
    1688
    1680
    1547
    1699
    1646
    1693
    1568
    1678
    1589
    1540
    1607
    1626
    1640
    1624
    1672
    1626
    1599
    1632
    1613
    1646
    1617
    1644
    1667
    1608
    1648
    1663
    1637
    1649
    1693
    1708
    1721
    1711
    1720
    1695
    1589
    1647
    1698
    1683
    1642
    1661
    1691
    1651
    1676
    1750
    1690
    1702
    1817
    1631
    1665
    1686
    1657
    1650
    1653
    1709
    1717
    1700
    1703
    1655
    1687
    1718
    1693
    1716
    1793
    1680
    1740
    1774
    1727
    1706
    1655
    1706
    1757
    1680
    1812
    1680
    1743
    1732
    1793
    1739
    1701
    1707
    1770
    1708
    1693
    1658
    1762
    1741
    1713
    1685
    1775
    1718
    1768
    1793
    1804
    1740
    1783
    1719
    1804
    1770
    1746
    1736
    1799
    1822
    1817
    1828
    1723
    1828
    1796
    1801
    1800
    1760
    1749
    1718
    1766
    1803
    1804
    1768
    1749
    1727
    1700
    1771
    1798
    1736
    1751
    1808
    1778
    1855
    1746
    1723
    1765
    1757
    1776
    1740
    1762
    1736
    1828
    1836
    1818
    1832
    1799
    1775
    1790
    1866
    1737
    1739
    1709
    1741
    1803
    1726
    1737
    1765
    1789
    1785
    1663
    1788
    1782
    1788
    1669
    1827
    1781
    1728
    1756
    1750
    1707
    1755
    1648
    1819
    1721
    1766
    1763
    1706
    1692
    1752
    1694
    1754
    1668
    1667
    1678
    1706
    1673
    1678
    1720
    1721
    1715
    1652
    1735
    1696
    1681
    1651
    1729
    1700
    1677
    1727
    1675
    1715
    1654
    1693
    1726
    1593
    1668
    1619
    1740
    1650
    1642
    1596
    1603
    1581
    1660
    1627
    1646
    1676
    1621
    1598
    1660
    1584
    1635
    1663
    1561
    1573
    1558
    1638
    1587
    1566
    1602
    1618
    1558
    1551
    1611
    1595
    1620
    1680
    1572
    1550
    1600
    1549
    1543
    1563
    1532
    1498
    1464
    1604
    1502
    1491
    1535
    1549
    1621
    1467
    1600
    1492
    1529
    1512
    1505
    1566
    1430
    1469
    1487
    1500
    1548
    1528
    1521
    1579
    1483
    1450
    1444
    1448
    1446
    1485
    1445
    1486
    1471
    1442
    1454
    1454
    1406
    1454
    1460
    1472
    1347
    1400
    1459
    1415
    1496
    1367
    1452
    1450
    1460
    1515
    1440
    1454
    1421
    1446
    1386
    1430
    1425
    1400
    1441
    1440
    1379
    1358
    1337
    1428
    1374
    1300
    1418
    1381
    1434
    1344
    1441
    1416
    1405
    1327
    1437
    1343
    1344
    1482
    1362
    1367
    1409
    1332
    1405
    1388
    1402
    1411
    1427
    1354
    1327
    1394
    1331
    1308
    1351
    1373
    1376
    1405
    1400
    1322
    1333
    1331
    1341
    1404
    1420
    1271
    1359
    1347
    1401
    1319
    1279
    1349
    1303
    1264
    1322
    1352
    1277
    1279
    1305
    1281
    1315
    1333
    1253
    1311
    1305
    1328
    1363
    1250
    1342
    1334
    1323
    1281
    1332
    1273
    1298
    1291
    1280
    1243
    1227
    1275
    1226
    1238
    1218
    1277
    1278
    1270
    1275
    1278
    1244
    1224
    1346
    1265
    1274
    1284
    1303
    1295
    1241
    1240
    1255
    1242
    1240
    1180
    1212
    1252
    1204
    1240
    1239
    1229
    1184
    1177
    1239
    1245
    1200
    1234
    1193
    1141
    1180
    1208
    1266
    1259
    1225
    1209
    1220
    1123
    1181
    1225
    1182
    1127
    1157
    1226
    1191
    1188
    1115
    1219
    1195
    1182
    1206
    1160
    1202
    1121
    1147
    1123
    1206
    1149
    1096
    1136
    1125
    1163
    1167
    1151
    1164
    1191
    1140
    1119
    1169
    1110
    1193
    1107
    1112
    1124
    1110
    1160
    1104
    1151
    1137
    1084
    1151
    1127
    1138
    1149
    1145
    1109
    1093
    1116
    1158
    1101
    1127
    1116
    1106
    1055
    1136
    1049
    1115
    1084
    1116
    1076
    1127
    1089
    1054
    1026
    1050
    1057
    1070
    1049
    1115
    1121
    1090
    1048
    1088
    1076
    1111
    1095
    1150
    1053
    1069
    1085
    1062
    1076
    1126
    1066
    1054
    1040
    1065
    1088
    1086
    1048
    1137
    1101
    1085
    1023
    1032
    1061
    1093
    1111
    1140
    1089
    1067
    1068
    1047
    1061
    1051
    1034
    1019
    1065
    1070
    1031
    1006
    1063
    1041
    1047
    1002
    1083
    1011
    1044
    1118
    1022
    1059
    1070
    1032
    1119
    1060
    1007
    1097
    1118
    1063
    1065
    1062
    1098
    1053
     997
    1023
    1110
    1073
    1102
    1058
    1015
    1085
    1061
    1053
    1025
    1045
    1003
    1137
    1073
    1035
    1080
    1061
    1060
    1047
    1065
    1043
    1083
    1024
    1044
    1040
    1006
    1042
    1080
    1082
    1021
    1014
    1083
    1001
    1046
    1026
    1090
    1086
    1078
    1083
    1059
    1082
    1044
    1098
    1038
     976
    1149
    1051
    1012
    1022
    1020
    1047
    1017
    1034
    1078
    1073
    1026
    1038
    1055
    1064
    1027
    1045
    1030
    1032
    1086
    1038
    1070
    1024
    1069
    1036
    1058
    1019
    1054
    1041
    1031
    1014
    1029
     992
    1075
    1051
    1051
    1040
    1048
    1028
    1071
    1016
    1019
    1069
    1017
    1014
    1033
     991
    1050
    1031
    1011
    1068
    1044
    1041
    1051
    1003
     983
    1055
    1024
     986
    1038
     987
    1007
     971
     944
    1036
     995
     970
    1000
     985
     950
    1042
    1007
    1008
     980
     981
     990
    1047
    1020
     978
     966
     974
    1038
     983
    1007
    1000
     987
    1018
    1046
     973
     933
     962
     927
     986
     969
     993
     969
     962
     977
     965
     971
     978
     992
     917
     912
     992
     986
     935
     905
     952
     949
     887
     929
     984
     951
     907
     949
     935
     923
     904
     958
     916
     929
     953
     921
     947
     917
     978
     936
     907
     969
     897
     907
     924
     922
     969
     925
     889
     935
     885
     922
     911
     915
     962
     956
     947
     911
     972
     894
     916
     896
     923
     930
     976
     936
     914
     952
     920
     881
     891
     879
     907
     890
     880
     922
     855
     939
     937
     932
     916
     895
     908
     898
     932
     908
     869
     963
     938
     953
     918
     929
     921
     926
     952
     938
     917
     923
     884
     978
     911
     988
     958
     943
     929
     937
     972
     989
     982
     886
     893
     964
     942
     995
     970
    1017
     999
     956
    1001
    1036
     963
     997
     969
     986
     991
    1013
     953
    1005
    1054
     983
    1038
    1053
    1035
    1063
    1057
    1117
    1060
    1122
    1054
    1069
    1107
    1147
    1143
    1148
    1152
    1145
    1153
    1156
    1141
    1185
    1173
    1182
    1145
    1205
    1216
    1152
    1169
    1151
    1291
    1238
    1304
    1306
    1234
    1277
    1323
    1322
    1360
    1350
    1349
    1338
    1385
    1390
    1424
    1384
    1398
    1398
    1439
    1475
    1470
    1498
    1518
    1531
    1490
    1525
    1567
    1513
    1579
    1612
    1554
    1582
    1623
    1692
    1670
    1712
    1710
    1670
    1800
    1673
    1773
    1730
    1806
    1743
    1825
    1875
    1881
    1876
    1881
    1930
    1820
    1950
    2007
    1871
    1908
    1933
    1940
    2042
    2128
    1991
    2017
    2199
    2102
    2149
    2128
    2144
    2208
    2297
    2259
    2237
    2287
    2270
    2289
    2327
    2369
    2347
    2413
    2374
    2434
    2379
    2450
    2408
    2495
    2435
    2592
    2485
    2557
    2447
    2671
    2603
    2594
    2643
    2749
    2681
    2702
    2728
    2668
    2785
    2756
    2819
    2728
    2683
    2763
    2883
    2830
    2881
    2883
    2803
    2867
    2904
    2897
    2969
    2944
    2994
    3047
    3043
    3056
    3039
    2973
    3052
    2945
    3109
    3006
    3047
    3067
    3014
    3171
    3149
    3187
    3143
    3213
    3125
    3077
    3122
    3255
    3050
    3139
    3166
    3144
    3206
    3238
    3140
    3331
    3205
    3239
    3182
    3210
    3251
    3219
    3149
    3111
    3144
    3289
    3249
    3142
    3224
    3236
    3205
    3183
    3172
    3180
    3297
    3235
    3161
    3050
    3165
    3148
    3139
    3208
    3175
    3127
    3123
    3209
    3173
    3120
    3103
    3061
    3056
    3123
    3025
    3061
    3109
    3043
    3039
    3002
    2935
    2998
    3036
    3022
    2961
    2952
    2831
    2854
    2908
    2918
    2887
    2841
    2794
    2821
    2835
    2756
    2734
    2820
    2747
    2764
    2583
    2614
    2671
    2694
    2592
    2591
    2675
    2635
    2597
    2511
    2475
    2506
    2539
    2516
    2447
    2393
    2323
    2472
    2329
    2351
    2316
    2255
    2372
    2265
    2248
    2281
    2268
    2204
    2273
    2243
    2154
    2095
    2087
    2038
    2116
    2070
    2098
    1961
    1976
    1956
    1872
    1933
    1823
    1891
    1767
    1903
    1858
    1823
    1779
    1762
    1802
    1743
    1642
    1679
    1699
    1634
    1626
    1622
    1655
    1600
    1567
    1494
    1509
    1558
    1503
    1498
    1425
    1418
    1461
    1403
    1422
    1475
    1428
    1390
    1351
    1286
    1319
    1296
    1292
    1300
    1239
    1148
    1254
    1192
    1163
    1151
    1185
    1071
    1121
    1175
    1118
    1088
    1033
    1040
    1048
    1009
    1051
    1005
    1010
    1035
     924
     917
    1012
     967
     901
     992
     853
     910
     951
     840
     895
     848
     838
     820
     784
     782
     783
     809
     794
     809
     744
     837
     709
     749
     727
     718
     709
     729
     705
     690
     678
     641
     658
     607
     662
     623
     645
     634
     639
     647
     650
     612
     581
     594
     576
     613
     573
     554
     530
     610
     531
     504
     530
     552
     562
     551
     563
     542
     487
     470
     514
     504
     509
     496
     531
     521
     522
     469
     447
     504
     448
     478
     487
     498
     440
     493
     476
     485
     472
     480
     464
     464
     454
     454
     396
     437
     458
     430
     413
     442
     453
     440
     401
     444
     429
     419
     428
     426
     421
     445
     422
     391
     441
     439
     409
     426
     370
     443
     440
     397
     432
     397
     412
     403
     480
     421
     400
     411
     417
     406
     393
     380
     416
     397
     417
     460
     350
     420
     387
     427
     426
     396
     443
     400
     407
     413
     384
     433
     409
     392
     407
     400
     416
     430
     395
     423
     452
     431
     414
     467
     481
     412
     456
     430
     445
     483
     421
     444
     454
     479
     408
     451
     493
     477
     477
     505
     495
     481
     468
     488
     480
     490
     519
     534
     525
     500
     532
     515
     509
     535
     537
     564
     538
     550
     573
     594
     560
     562
     558
     620
     596
     614
     612
     650
     643
     635
     586
     607
     679
     675
     693
     686
     696
     672
     705
     695
     767
     747
     723
     753
     739
     726
     766
     762
     752
     830
     839
     807
     845
     835
     848
     864
     872
     837
     841
     915
     919
     902
     920
     958
     897
     952
     947
     915
     988
    1004
    1003
    1034
    1002
    1070
    1075
    1085
    1071
    1132
    1147
    1108
    1136
    1131
    1154
    1187
    1194
    1247
    1195
    1231
    1217
    1261
    1214
    1242
    1367
    1268
    1330
    1336
    1334
    1370
    1360
    1408
    1456
    1413
    1443
    1423
    1441
    1463
    1442
    1475
    1578
    1521
    1504
    1507
    1611
    1545
    1630
    1629
    1695
    1671
    1674
    1747
    1655
    1706
    1685
    1833
    1706
    1717
    1757
    1770
    1804
    1811
    1788
    1889
    1848
    1855
    1914
    1829
    1905
    1951
    1936
    2030
    2008
    1929
    2004
    1985
    1907
    2069
    2075
    2110
    2089
    2097
    2061
    2051
    2130
    2152
    2133
    2140
    2142
    2198
    2198
    2163
    2235
    2183
    2228
    2311
    2122
    2275
    2364
    2272
    2308
    2274
    2260
    2307
    2423
    2239
    2418
    2347
    2306
    2370
    2429
    2387
    2292
    2365
    2413
    2498
    2351
    2394
    2423
    2424
    2490
    2325
    2523
    2471
    2388
    2439
    2396
    2434
    2472
    2413
    2406
    2383
    2489
    2383
    2405
    2457
    2397
    2376
    2315
    2488
    2438
    2460
    2400
    2394
    2358
    2447
    2499
    2413
    2480
    2408
    2442
    2419
    2426
    2466
    2373
    2299
    2282
    2370
    2348
    2328
    2353
    2372
    2288
    2386
    2305
    2254
    2247
    2210
    2269
    2264
    2243
    2334
    2298
    2201
    2214
    2252
    2156
    2190
    2104
    2197
    2150
    2118
    2038
    2145
    2150
    2091
    2026
    2077
    2055
    2044
    2048
    1961
    2057
    1972
    1963
    2041
    1947
    2072
    1984
    1912
    1929
    1935
    1868
    1816
    1883
    1774
    1820
    1854
    1691
    1746
    1758
    1695
    1722
    1701
    1683
    1686
    1664
    1648
    1656
    1671
    1579
    1613
    1627
    1558
    1595
    1622
    1533
    1524
    1504
    1513
    1484
    1503
    1366
    1438
    1422
    1319
    1350
    1367
    1343
    1353
    1294
    1387
    1269
    1281
    1233
    1242
    1218
    1251
    1285
    1217
    1220
    1179
    1233
    1148
    1123
    1168
    1090
    1066
    1095
    1069
    1052
    1006
     990
    1046
    1073
    1024
     982
     981
     963
     934
     956
     973
     921
     919
     924
     962
     957
     834
     893
     826
     822
     845
     764
     833
     807
     766
     806
     752
     721
     724
     714
     702
     713
     792
     722
     689
     654
     711
     686
     698
     678
     694
     689
     644
     604
     588
     602
     612
     608
     547
     561
     588
     564
     556
     565
     565
     536
     517
     568
     535
     513
     523
     553
     502
     481
     489
     524
     465
     484
     533
     441
     491
     469
     508
     477
     506
     472
     479
     446
     467
     435
     468
     425
     429
     439
     438
     422
     397
     460
     405
     423
     437
     390
     389
     408
     388
     418
     386
     424
     401
     406
     413
     361
     403
     341
     386
     364
     383
     383
     384
     375
     388
     375
     356
     377
     391
     408
     378
     386
     394
     412
     397
     407
     427
     395
     401
     422
     403
     408
     411
     377
     382
     405
     403
     388
     396
     383
     390
     415
     394
     407
     422
     427
     405
     406
     428
     401
     402
     434
     426
     411
     393
     437
     444
     398
     448
     444
     413
     483
     419
     505
     449
     451
     472
     483
     420
     473
     436
     460
     518
     500
     456
     489
     441
     516
     512
     465
     502
     492
     481
     530
     527
     471
     492
     516
     482
     515
     531
     552
     533
     567
     588
     587
     538
     570
     571
     560
     549
     563
     562
     577
     585
     614
     592
     561
     557
     630
     630
     580
     604
     613
     600
     663
     603
     634
     622
     634
     682
     651
     639
     641
     658
     655
     648
     656
     669
     653
     711
     630
     707
     710
     689
     735
     721
     717
     746
     692
     733
     690
     732
     775
     722
     750
     737
     706
     755
     737
     743
     739
     730
     691
     762
     775
     724
     764
     744
     772
     797
     811
     784
     742
     800
     797
     831
     795
     784
     800
     793
     799
     832
     793
     802
     845
     759
     791
     853
     819
     821
     861
     811
     842
     844
     807
     815
     779
     782
     760
     830
     795
     816
     838
     850
     848
     870
     832
     804
     823
     834
     835
     817
     778
     753
     799
     800
     850
     838
     829
     784
     839
     830
     818
     831
     836
     779
     797
     758
     768
     803
     790
     783
     742
     789
     777
     777
     871
     821
     787
     786
     758
     762
     748
     815
     756
     778
     736
     733
     738
     741
     778
     751
     776
     719
     774
     762
     715
     773
     693
     705
     781
     696
     739
     750
     782
     723
     708
     707
     679
     696
     652
     719
     686
     661
     670
     650
     672
     691
     646
     656
     652
     642
     626
     596
     641
     642
     602
     618
     627
     593
     620
     556
     634
     536
     602
     619
     562
     600
     589
     585
     553
     550
     570
     575
     557
     516
     578
     522
     565
     555
     514
     522
     547
     546
     506
     509
     490
     506
     489
     506
     503
     517
     488
     440
     489
     447
     455
     455
     454
     436
     447
     430
     445
     436
     427
     436
     412
     426
     446
     397
     432
     415
     430
     374
     400
     410
     447
     380
     383
     398
     370
     371
     357
     346
     397
     348
     353
     340
     327
     346
     351
     345
     371
     334
     307
     346
     319
     312
     327
     354
     324
     291
     321
     293
     312
     325
     348
     312
     297
     298
     264
     290
     288
     268
     283
     270
     269
     277
     278
     289
     227
     270
     271
     239
     275
     245
     264
     245
     209
     246
     284
     257
     213
     244
     250
     239
     274
     230
     226
     217
     239
     213
     236
     216
     191
     195
     226
     232
     237
     227
     181
     195
     210
     230
     188
     223
     197
     177
     224
     216
     214
     181
     196
     210
     177
     212
     178
     193
     214
     204
     198
     166
     194
     200
     184
     162
     198
     196
     191
     177
     177
     159
     176
     185
     186
     177
     181
     171
     165
     190
     173
     187
     180
     181
     177
     185
     159
     176
     181
     182
     166
     174
     151
     181
     179
     173
     184
     154
     163
     174
     137
     173
     184
     175
     146
     184
     179
     176
     148
     178
     168
     163
     173
     157
     185
     178
     154
     163
     162
     139
     172
     169
     145
     178
     157
     172
     157
     165
     152
     167
     159
     137
     170
     155
     152
     171
     170
     174
     162
     156
     165
     147
     151
     141
     149
     141
     157
     153
     157
     143
     175
     157
     138
     172
     128
     131
     169
     158
     149
     172
     161
     188
     158
     165
     168
     152
     162
     166
     166
     149
     162
     156
     146
     187
     152
     179
     162
     156
     136
     150
     156
     169
     180
     158
     172
     168
     147
     148
     162
     154
     172
     153
     169
     152
     196
     153
     185
     180
     154
     150
     156
     168
     177
     153
     159
     186
     164
     149
     153
     161
     180
     160
     183
     191
     147
     159
     159
     151
     158
     177
     172
     151
     154
     142
     153
     156
     160
     152
     174
     160
     151
     154
     159
     151
     143
     153
     150
     155
     144
     162
     137
     184
     182
     149
     156
     151
     174
     160
     171
     173
     146
     144
     175
     164
     174
     138
     182
     160
     153
     161
     165
     157
     141
     157
     140
     167
     162
     140
     138
     147
     164
     161
     152
     174
     151
     159
     163
     163
     171
     169
     146
     143
     153
     138
     141
     164
     176
     155
     170
     156
     157
     141
     129
     137
     177
     130
     142
     145
     158
     117
     155
     143
     161
     157
     137
     148
     150
     146
     139
     130
     151
     158
     136
     160
     144
     157
     140
     144
     155
     162
     154
     153
     154
     154
     135
     130
     115
     144
     126
     130
     130
     145
     119
     142
     152
     150
     142
     141
     148
     124
     124
     162
     152
     144
     123
     151
     154
     162
     138
     152
     152
     130
     146
     161
     137
     133
     116
     141
     143
     137
     129
     133
     139
     149
     134
     127
     130
     146
     119
     125
     145
     142
     114
     156
     140
     107
     133
     118
     139
     126
     125
     134
     129
     137
     127
     140
     127
     122
     134
     126
     135
     133
     120
     111
     139
     118
     124
     116
     125
     135
     118
     107
     132
     143
     124
     133
     150
     124
     128
     103
     121
     140
     105
     129
     101
     137
     119
     139
     119
     128
     119
     113
     103
     144
     118
     119
     120
     119
     121
     111
     112
     114
     124
     121
      97
     118
     127
     124
     132
     121
     120
      99
     132
     106
     114
     125
     107
     130
     120
     115
     126
     112
     122
     112
     109
     118
     111
     108
     108
     131
     134
     119
     126
     140
     127
     136
      92
     125
     133
     106
     132
     128
     106
     115
     114
     100
      95
     114
     125
     120
     126
     103
     106
      94
     127
     116
     107
     112
     107
     107
      94
      95
     123
     107
     122
     101
     114
      97
     116
     116
     107
     119
     109
     125
     109
     109
     102
     146
     120
     108
     112
     125
     104
     104
     110
     111
     102
      94
     124
     102
     113
     121
     140
     119
     116
     113
     117
     122
     120
     123
     119
      98
     101
     122
     104
     122
     104
     118
      97
      99
      99
     121
     112
     118
     114
      97
     100
     125
     105
     111
     133
     109
     106
     136
      98
     127
     112
     125
     109
     119
     107
     121
     120
     128
     123
      98
     119
      88
     121
     108
     111
     121
     123
     118
     112
     114
      98
     113
     102
     125
     113
     106
     120
     114
     107
     101
     109
     118
     102
     104
     123
     116
     115
     130
     134
     131
     112
     138
     121
     110
      99
     117
     111
     100
     108
     110
     138
     126
     108
     119
     110
     130
     114
     121
     121
     131
     118
     101
     132
     109
     132
     140
     138
     152
     129
     127
     126
     105
     130
     128
     125
     123
     124
     123
     122
     128
     122
     111
     139
     133
     124
     128
     114
     110
     119
     118
     117
     128
     133
     121
     135
     130
     167
     127
     129
     154
     121
     131
     120
     117
     115
     130
     148
     157
     115
     120
     136
     106
     111
     138
     132
     133
     136
     130
     119
     134
     148
     155
     117
     119
     144
     129
     135
     145
     129
     148
     140
     152
     146
     144
     122
     161
     133
     125
     154
     139
     140
     126
     154
     133
     135
     151
     121
     132
     137
     151
     152
     124
     141
     157
     152
     132
     163
     160
     150
     131
     141
     166
     117
     157
     141
     117
     154
     139
     159
     158
     153
     146
     145
     126
     150
     167
     152
     141
     134
     124
     154
     153
     147
     170
     170
     141
     150
     139
     154
     142
     147
     129
     140
     134
     164
     152
     156
     144
     164
     160
     150
     158
     144
     133
     138
     151
     152
     169
     134
     117
     140
     150
     169
     137
     149
     162
     143
     143
     162
     157
     139
     158
     135
     156
     147
     131
     161
     143
     155
     148
     135
     128
     130
     133
     145
     137
     137
     147
     147
     158
     151
     139
     144
     165
     129
     141
     148
     129
     154
     149
     163
     160
     136
     127
     142
     148
     151
     149
     148
     150
     151
     136
     123
     151
     138
     137
     132
     153
     149
     143
     135
     164
     145
     132
     120
     132
     151
     145
     108
     135
     121
     148
     143
     145
     131
     143
     152
     136
     143
     152
     146
     131
     125
     137
     144
     138
     134
     132
     116
     123
     134
     127
     128
     151
     135
     129
     149
     141
     133
     129
     141
     125
     128
     124
     137
     124
     127
     122
     152
     133
     125
     122
     147
     128
     136
     147
     118
     109
     109
     108
     123
     136
     125
     123
     121
     140
     111
     115
     112
     122
     129
     113
     113
     121
     124
     114
     115
     132
     113
     112
      98
     149
     133
     124
     118
     111
     120
     123
     118
     105
     106
     111
     128
     111
     125
     122
     111
     105
     109
     117
     118
     114
     121
     114
     105
     117
     112
     112
     104
     108
     112
     104
     127
     117
     105
      98
     119
     101
      96
     106
     113
     107
     111
     102
     110
     109
      98
     107
      93
     121
     101
      95
     139
     107
     102
     121
     120
      96
      95
      97
      81
     117
     111
     108
     115
      99
     109
     112
     106
     109
     110
     106
     102
     118
     109
      98
     103
      95
     111
     114
     112
     103
     106
     109
      95
      94
     113
      93
     100
      83
      93
      96
     109
     111
     106
      91
      99
      85
     109
     106
      94
     100
     111
     128
      86
      96
     105
      85
      93
      87
      95
      88
     111
      82
     101
      88
      89
     107
      74
      87
      79
      92
      85
     111
     104
      89
     117
     105
     102
      88
      89
     102
      91
      88
      91
      83
      99
      76
     108
      93
      90
      86
      79
      88
      81
      97
      90
      96
      94
      86
     115
      88
     102
      94
      98
      87
      80
      96
      89
     104
     103
      79
      87
      93
      83
      85
      83
      97
      86
      70
      97
      85
      92
      93
      78
      84
     104
      93
      87
      90
      86
      95
      96
      83
     101
      80
      77
     102
      86
      85
      91
      81
     100
      88
      93
      84
      89
      90
      93
      99
      98
     108
      74
      80
      86
      73
     102
      93
      82
      96
      96
      71
      93
      96
      98
      81
      91
      99
      72
      89
      81
     108
     102
      86
      92
     108
     103
      99
      76
      91
      93
      80
      95
      88
      77
      98
      81
      98
      77
      80
      79
      87
      99
      79
      88
      88
      78
      89
      93
      87
      68
      82
      88
      87
      87
      96
      79
     100
      90
      73
      93
      84
      99
      68
      84
      86
      87
      89
      98
      79
      85
      73
      84
      63
      88
      92
      84
      75
      84
     109
      75
      75
      94
      96
      85
      65
      90
      92
      77
      87
      94
      81
      72
      88
      78
      88
      77
      75
     100
      93
      61
      91
      92
      81
      72
      74
      79
      83
      80
     103
      84
      79
      88
      95
      78
      69
      64
      84
      76
      75
      82
      73
      80
      72
      84
      85
     103
      79
      85
      84
      73
      89
      85
      77
      78
      81
      79
      84
      82
      81
      69
      86
      76
      84
      66
      85
      94
      77
      78
      72
      88
      75
      93
      66
      87
      98
      97
      77
      78
      88
      68
      82
      82
      82
      64
      85
      65
     103
      81
      72
      77
      67
      75
      89
      76
      78
      86
      83
      71
      70
      84
      83
      79
      65
      84
      78
      88
     101
      79
      68
     100
      77
      63
      77
      70
      87
      70
      76
      74
      76
      78
      81
      87
      73
      84
      82
      63
      74
      87
      81
      86
      81
      74
      79
      90
      78
      67
      71
      77
      76
      67
      78
      91
      78
      80
      83
      72
      72
     106
      92
      76
      70
      75
      73
      79
      71
      84
      88
      93
      95
      74
      69
      87
      87
      82
      77
      86
      79
      74
      83
      70
      71
      89
      73
      73
      75
      77
      69
      78
      73
      77
      82
      81
      78
      78
      97
      70
      63
      75
      80
      80
      55
      86
      78
      80
      67
      79
      76
      64
      75
      74
      76
      84
      83
      76
      72
      78
      81
      83
      63
      63
      82
      82
      77
      86
      63
      48
      76
      87
      65
      81
      85
      92
      90
      82
      74
      77
      78
      73
      81
      75
      88
      67
      65
      75
      75
      91
      82
      73
      82
      67
      63
      83
      81
      56
      90
      74
      72
      71
      66
      73
      87
      77
      68
      74
      66
      65
      68
      79
      80
      72
      71
      64
      78
      70
      72
      77
      76
      74
      80
      84
      82
      85
      70
      89
      68
      73
      82
      84
      71
      68
      65
      67
      61
      79
      70
      86
      78
      73
      63
      65
      84
      76
      74
      76
      66
      76
      82
      78
      94
      63
      66
      74
      68
      64
      67
      71
      70
      75
      74
      68
      83
      87
      73
      76
      75
      59
      83
      76
      84
      68
      49
      60
      84
      83
      68
      51
      68
      79
      86
      74
      75
      67
      77
      57
      76
      67
      74
      77
      67
      80
      76
      71
      75
      60
      68
      65
      68
      80
      79
      71
      74
      65
      74
      60
      66
      81
      67
      78
      77
      73
      75
      56
      66
      72
      74
      69
      67
      60
      64
      60
      78
      64
      63
      68
      76
      60
      81
      68
      68
      72
      67
      67
      70
      60
      64
      57
      61
      71
      82
      70
      71
      58
      70
      58
      80
      73
      70
      66
      65
      66
      68
      68
      76
      82
      73
      58
      60
      74
      70
      59
      67
      58
      79
      91
      85
      56
      65
      84
      59
      78
      60
      67
      62
      83
      66
      64
      61
      65
      76
      62
      58
      68
      78
      71
      77
      83
      72
      76
      77
      81
      75
      73
      73
      76
      65
      81
      69
      66
      72
      88
      82
      67
      84
      69
      90
      73
      73
      84
      86
      64
      76
      84
      78
      90
      78
      79
      73
      68
      76
      81
      78
      58
      68
      94
      76
      86
      79
      87
      70
      70
      68
      67
      67
      84
     108
      71
      65
      79
      74
      83
      74
      79
      72
      70
      79
      87
      99
      74
      85
      75
      67
      73
      69
      65
      66
      78
      84
      75
      82
      84
      80
      63
      76
      76
      69
      80
      82
      91
      73
      74
      86
      82
      78
      79
      69
      84
      75
      97
      64
      93
      65
      76
      87
      78
      92
      77
      78
      76
      74
      81
      86
      83
      92
      86
      84
      85
      71
      88
      99
     102
      83
      82
      97
      95
      80
      72
      72
      78
     106
      78
      83
      87
      73
      80
      94
      78
      89
      79
      73
      98
      88
      85
      97
      74
      89
      90
      90
      82
      67
      78
      99
      93
      86
      87
      68
      79
      99
      83
     101
      87
     101
      75
      87
      89
      94
      82
     112
      80
     103
      98
     128
      83
      93
      87
     101
     102
     102
      88
      76
      95
     111
      84
      94
      88
      99
      91
      82
      95
     117
      87
     102
      71
      98
      98
     101
      91
     108
     102
     100
     119
      98
      90
      90
      99
     113
      90
      89
     116
      87
     108
     107
      89
     100
      88
     102
      96
     100
     106
      98
     103
     112
     101
      99
      99
     100
      71
     118
     113
      92
      99
      83
      97
      87
     102
      92
     109
     110
      95
      86
     101
     113
     103
     102
     113
     111
      98
     104
     100
     123
      95
      98
     102
     107
     114
     104
      85
      90
     103
     110
      95
      95
      99
     103
      97
      93
      81
     105
      89
     116
     124
     103
     113
     109
     111
     108
      92
     101
     117
      96
     105
     111
     102
     118
     112
      96
     110
     115
     106
     107
      93
     107
      97
     118
      96
     123
     115
      89
      94
     111
      86
      91
     121
     106
      90
     101
     103
      90
     110
     103
      94
     133
      95
      90
      99
     102
     103
      92
      98
     109
     112
      79
      94
     101
     111
     104
     117
     113
      90
     100
      92
     112
      88
     110
      99
     115
     106
      87
      93
      93
     101
      89
      87
     106
      99
      93
      96
     101
      92
      78
     112
     104
      94
     118
     110
      92
      84
     100
     102
     103
      79
      82
      88
     104
      90
      95
      99
      98
     107
      94
      94
     109
      92
     105
     103
      93
     107
     104
      83
     106
      92
      96
      78
      89
      88
      93
     100
      93
     114
     101
     102
     104
      91
      86
      93
     104
      96
      99
      73
      85
      97
      94
     117
      97
      94
      91
      89
      82
      92
      95
      95
      99
     112
      83
      79
      88
      86
     103
      85
      87
      95
      86
      89
     109
      74
     108
     100
      97
      91
      88
     113
      93
     100
      93
      87
      74
      86
      86
      91
      84
      86
      89
     100
      78
      95
      72
      77
      95
     115
      77
     113
      91
      94
      85
      78
      91
     113
      79
      84
      97
      86
      85
     104
      93
     104
      72
      95
      88
      85
      86
      98
      83
      96
      90
      86
      72
      95
     109
      77
      79
      87
      92
      74
     109
     104
      93
      90
      78
      84
     110
      95
      86
      91
      87
      98
     124
     101
      93
     103
      93
      90
      94
      90
      85
     100
     100
      82
     102
      90
      76
     103
      83
      95
      91
      90
      78
      88
      89
      84
     110
      86
      92
      86
      86
      88
      97
      77
      75
     103
      94
     100
      87
      91
      89
     102
     103
     101
      83
      85
     107
     100
      88
     121
      86
      91
      82
      85
      99
     101
      77
      89
     106
      99
      92
      84
      96
      88
      91
      96
      86
      88
      76
      92
      77
      98
      91
      90
      69
     103
      82
      95
     102
      93
      93
      76
      89
     107
      90
      85
      85
      98
      86
      83
      85
     105
      72
      89
      88
      92
      77
      96
      99
      91
      88
      63
      89
      74
      98
      86
      93
      77
      85
      84
      80
      99
      93
      96
     103
     101
      90
      71
     102
      86
      74
      78
      83
      85
     105
      87
      87
      82
      90
      93
      91
      80
     120
     104
      65
      89
      89
      73
     104
      63
      69
      74
      79
      77
      64
      76
      75
      89
     101
      96
      76
      85
      90
      88
      91
      83
      85
     106
     103
      81
      74
     101
      74
      90
      84
      96
      82
      85
      91
      87
      86
      96
      73
      97
      99
      99
      72
      70
      88
      76
      86
      84
      83
      77
      98
      72
      75
      77
      91
      77
      80
      81
      69
      78
      72
      80
      74
      80
      85
      81
     106
      88
      78
      86
      82
     102
      71
      91
      87
      74
      65
      86
      89
      83
      87
      60
      72
      82
      59
      80
     107
      77
      78
      94
      81
      72
      76
      71
      69
      71
      75
      92
      72
      90
      82
      75
      94
      79
      78
      73
      82
      78
      69
      86
      89
      86
      74
      82
      67
      91
      85
      73
      70
      77
      79
      78
      72
      74
      89
      56
      81
      69
      74
      85
      68
      83
      77
      78
      88
      73
      92
      71
      95
      74
      66
      52
      87
      85
      77
      85
      74
      81
      63
      69
      59
      73
      72
      65
      66
      67
      81
      93
      75
      66
      76
      81
      72
      72
      74
      71
      71
      78
      88
      65
      62
      81
      63
      71
      80
      83
      87
      77
      57
      66
      81
      74
      67
      71
      71
      75
      63
      71
      76
      79
      69
      76
      80
      72
      67
      73
      67
      68
      74
      66
      74
      72
      85
      82
      86
      64
      62
      74
      76
      57
      71
      76
      66
      76
      71
      56
      54
      63
      66
      73
      52
      57
      60
      60
      70
      63
      76
      67
      77
      66
      40
      69
      65
      61
      51
      74
      62
      67
      62
      67
      59
      72
      68
      52
      65
      60
      60
      75
      67
      70
      60
      63
      80
      60
      54
      51
      61
      60
      58
      79
      54
      65
      55
      58
      61
      62
      62
      68
      61
      75
      50
      73
      55
      56
      65
      56
      39
      68
      73
      71
      55
      43
      60
      64
      61
      57
      65
      56
      44
      54
      63
      62
      41
      47
      48
      53
      46
      59
      55
      55
      45
      54
      64
      66
      50
      52
      68
      49
      63
      64
      52
      54
      55
      42
      49
      47
      63
      60
      51
      61
      70
      58
      56
      57
      53
      49
      65
      51
      47
      49
      50
      61
      48
      62
      62
      52
      42
      45
      51
      53
      54
      48
      40
      52
      51
      53
      47
      44
      50
      34
      56
      50
      62
      46
      52
      52
      44
      42
      46
      39
      46
      36
      42
      40
      35
      43
      48
      51
      45
      44
      43
      38
      37
      49
      38
      51
      28
      36
      50
      44
      54
      57
      61
      44
      37
      45
      37
      53
      47
      45
      48
      45
      51
      39
      47
      44
      46
      42
      44
      34
      46
      44
      37
      40
      47
      34
      42
      41
      42
      41
      34
      47
      39
      34
      39
      42
      47
      42
      45
      49
      37
      39
      30
      41
      46
      37
      33
      29
      43
      36
      34
      30
      33
      36
      24
      26
      39
      51
      33
      30
      48
      33
      29
      50
      40
      33
      26
      40
      35
      39
      37
      31
      26
      33
      32
      33
      38
      28
      33
      31
      32
      36
      28
      49
      36
      38
      28
      22
      36
      47
      33
      28
      26
      28
      35
      33
      41
      25
      33
      38
      35
      38
      40
      25
      28
      24
      35
      42
      31
      23
      35
      32
      22
      42
      33
      41
      33
      33
      32
      34
      36
      32
      29
      37
      34
      35
      44
      32
      35
      31
      22
      20
      26
      31
      32
      37
      27
      35
      27
      37
      29
      25
      24
      26
      34
      24
      33
      29
      29
      26
      27
      36
      23
      25
      28
      29
      32
      28
      36
      21
      27
      29
      32
      32
      17
      29
      24
      36
      30
      20
      39
      28
      38
      32
      27
      18
      26
      24
      29
      33
      32
      26
      23
      23
      29
      27
      27
      34
      22
      32
      21
      25
      27
      30
      22
      29
      20
      25
      32
      22
      20
      23
      16
      17
      31
      25
      27
      25
      21
      33
      21
      30
      25
      24
      24
      42
      32
      33
      22
      23
      22
      20
      21
      32
      21
     177
     293
     325
     311
     277
     286
     282
     327
     279
     323
     325
     331
     318
     313
     276
     311
     282
     294
     328
     305
     281
     294
     295
     300
     289
     286
     285
     299
     336
     289
     260
     313
     279
     265
     316
     314
     292
     301
     313
     312
     289
     278
     293
     316
     262
     279
     290
     258
     280
     274
     308
     308
     255
     279
     257
     283
     277
     278
     299
     257
     283
     267
     284
     298
     295
     275
     270
     304
     273
     280
     280
     289
     273
     283
     276
     292
     271
     303
     278
     309
     277
     263
     308
     264
     270
     275
     259
     261
     308
     287
     277
     273
     275
     293
     274
     273
     282
     257
     258
     289
     295
     278
     254
     289
     280
     316
     259
     285
     261
     285
     302
     269
     269
     262
     264
     265
     288
     271
     250
     239
     278
     262
     286
     270
     275
     243
     266
     282
     267
     266
     263
     279
     266
     271
     271
     259
     276
     274
     275
     253
     262
     265
     263
     283
     253
     274
     277
     276
     253
     281
     234
     279
     281
     271
     228
     273
     268
     250
     263
     273
     271
     242
     251
     291
     284
     281
     268
     239
     251
     274
     233
     258
     239
     259
     275
     258
     271
     249
     257
     244
     265
     266
     252
     241
     117
$ROI:
1
4694 5273
$PRESETS:
Live Time
10000000
0
$ENER_FIT:
-2.564146 5.859323
$MCA_CAL:
3
-2.564146E+000 5.859323E+000 2.989855E-004 keV
$SHAPE_CAL:
3
1.469019E+001 -5.192660E-002 5.111356E-005
