$SPEC_ID:
No sample description was entered.
$SPEC_REM:
DET# 1
DETDESC# DESKTOP-PA1F0GF MCB 337
AP# Maestro Version 7.01
$DATE_MEA:
04/14/2026 12:22:42
$MEAS_TIM:
1919 1926
$DATA:
0 8191
       0
       0
       0
       0
       0
       0
       0
       0
       0
       0
       0
       0
       0
       0
       0
       0
       0
       0
       0
       0
       0
       0
       0
       0
       0
       0
       0
       0
       0
       0
       0
       0
       0
       0
       0
       0
       0
       0
       0
       0
       0
       0
       0
       0
       0
       0
       0
       0
       0
       0
       0
       0
       0
       0
       0
       0
       0
       0
       0
       0
       0
       0
       0
       0
       0
       0
       0
       0
       0
       0
       0
       0
       0
       0
       0
       0
       0
       0
       1
       4
      13
      25
      35
      51
      67
      91
     106
     108
     110
     135
     139
     169
     149
     142
     158
     176
     176
     193
     178
     184
     177
     153
     169
     191
     188
     169
     172
     192
     192
     163
     190
     198
     179
     168
     192
     187
     186
     198
     207
     194
     202
     201
     208
     193
     227
     197
     207
     220
     193
     210
     186
     187
     204
     202
     191
     223
     221
     196
     184
     226
     207
     196
     181
     205
     182
     196
     201
     231
     206
     212
     200
     194
     214
     207
     204
     216
     199
     209
     208
     214
     200
     213
     226
     196
     200
     221
     194
     237
     230
     242
     211
     229
     236
     254
     257
     260
     230
     249
     244
     233
     241
     218
     257
     251
     264
     261
     272
     264
     246
     268
     259
     276
     261
     250
     267
     286
     262
     251
     303
     273
     310
     317
     247
     303
     274
     298
     313
     318
     286
     310
     324
     314
     277
     330
     320
     321
     309
     358
     318
     302
     344
     305
     371
     334
     363
     356
     376
     392
     363
     370
     370
     371
     390
     394
     401
     415
     411
     424
     424
     446
     418
     412
     440
     383
     456
     407
     444
     446
     447
     472
     457
     444
     474
     521
     478
     492
     490
     470
     477
     502
     469
     466
     521
     453
     535
     507
     488
     539
     471
     530
     581
     555
     554
     571
     533
     538
     582
     559
     536
     534
     611
     575
     571
     625
     578
     629
     585
     626
     607
     648
     621
     611
     592
     624
     641
     621
     637
     595
     650
     634
     627
     625
     630
     603
     658
     615
     648
     667
     642
     643
     668
     664
     643
     637
     602
     646
     661
     599
     654
     627
     682
     673
     634
     642
     622
     658
     639
     611
     653
     629
     676
     649
     619
     651
     633
     644
     630
     675
     653
     634
     702
     666
     650
     645
     658
     625
     661
     680
     665
     687
     700
     677
     674
     628
     672
     666
     621
     692
     663
     645
     654
     680
     618
     711
     711
     638
     658
     658
     643
     690
     672
     646
     597
     642
     662
     629
     629
     674
     644
     675
     692
     699
     670
     687
     651
     657
     668
     690
     682
     646
     648
     607
     655
     638
     620
     658
     628
     658
     634
     641
     659
     650
     676
     648
     654
     703
     654
     644
     670
     623
     639
     669
     612
     673
     673
     681
     643
     665
     647
     632
     648
     664
     639
     668
     669
     634
     612
     612
     680
     656
     599
     654
     672
     610
     598
     623
     622
     675
     631
     634
     631
     625
     636
     656
     668
     619
     635
     595
     631
     625
     634
     595
     618
     646
     600
     643
     619
     579
     654
     635
     605
     607
     584
     621
     666
     601
     638
     607
     602
     616
     627
     613
     661
     554
     621
     616
     613
     583
     629
     622
     617
     634
     602
     600
     629
     598
     592
     563
     544
     617
     655
     583
     577
     609
     557
     579
     600
     570
     614
     610
     578
     573
     575
     607
     577
     565
     586
     567
     578
     547
     595
     622
     579
     575
     596
     515
     571
     588
     551
     533
     585
     603
     542
     588
     541
     536
     537
     594
     570
     530
     576
     534
     519
     565
     505
     546
     546
     555
     539
     540
     571
     550
     536
     564
     522
     534
     510
     502
     553
     514
     537
     515
     502
     527
     525
     506
     484
     554
     515
     505
     494
     509
     539
     523
     544
     543
     483
     518
     529
     486
     503
     502
     510
     447
     492
     509
     516
     514
     506
     500
     528
     486
     494
     512
     505
     489
     522
     480
     531
     493
     524
     496
     475
     500
     477
     485
     485
     486
     513
     434
     495
     490
     504
     475
     477
     442
     488
     483
     517
     472
     511
     474
     540
     505
     473
     499
     487
     498
     480
     489
     488
     494
     475
     481
     496
     472
     458
     444
     468
     424
     440
     503
     495
     466
     465
     449
     487
     470
     460
     478
     484
     453
     479
     472
     499
     478
     479
     465
     450
     469
     473
     446
     453
     488
     491
     475
     498
     468
     497
     466
     445
     439
     479
     468
     475
     480
     441
     453
     438
     463
     445
     423
     487
     466
     444
     456
     454
     439
     474
     491
     457
     419
     389
     445
     440
     457
     457
     436
     453
     413
     440
     471
     419
     437
     400
     456
     432
     436
     394
     409
     451
     439
     416
     401
     461
     378
     448
     427
     403
     361
     423
     434
     444
     416
     408
     402
     423
     422
     431
     379
     419
     418
     405
     461
     375
     427
     405
     438
     411
     395
     400
     419
     413
     384
     384
     400
     358
     383
     410
     371
     390
     348
     353
     381
     358
     400
     407
     354
     379
     382
     410
     407
     390
     415
     377
     351
     371
     370
     353
     346
     312
     365
     399
     386
     355
     353
     341
     383
     383
     355
     389
     370
     373
     397
     343
     365
     352
     377
     341
     340
     369
     406
     364
     356
     385
     350
     371
     375
     354
     356
     367
     384
     341
     318
     340
     367
     364
     348
     346
     376
     375
     362
     359
     328
     363
     348
     348
     359
     337
     350
     370
     346
     343
     294
     353
     372
     327
     343
     353
     310
     322
     352
     366
     388
     319
     366
     359
     328
     362
     341
     374
     339
     338
     337
     331
     354
     343
     363
     338
     345
     320
     328
     353
     297
     318
     353
     330
     390
     344
     349
     322
     344
     319
     327
     303
     331
     351
     364
     343
     348
     350
     377
     334
     301
     350
     338
     313
     349
     334
     347
     330
     336
     324
     306
     342
     350
     304
     296
     316
     291
     316
     275
     313
     317
     312
     344
     327
     334
     302
     310
     308
     307
     307
     298
     317
     295
     305
     305
     272
     282
     335
     259
     272
     255
     316
     267
     295
     277
     287
     274
     328
     251
     281
     266
     291
     301
     221
     281
     273
     272
     243
     261
     216
     278
     262
     236
     238
     276
     268
     265
     249
     280
     241
     259
     247
     248
     253
     260
     261
     239
     263
     253
     264
     260
     228
     225
     243
     245
     225
     231
     229
     244
     254
     254
     239
     269
     233
     256
     238
     252
     237
     220
     227
     255
     237
     216
     208
     221
     229
     241
     233
     257
     218
     230
     224
     255
     224
     232
     187
     209
     234
     204
     199
     237
     218
     250
     237
     196
     244
     223
     237
     202
     222
     221
     204
     243
     222
     199
     241
     210
     223
     232
     220
     265
     234
     220
     233
     236
     211
     235
     190
     185
     234
     236
     229
     214
     223
     202
     224
     212
     189
     203
     204
     226
     221
     214
     210
     194
     232
     192
     249
     224
     214
     206
     197
     201
     195
     210
     197
     218
     216
     209
     215
     196
     199
     205
     206
     185
     215
     199
     180
     194
     210
     196
     207
     185
     202
     209
     212
     190
     209
     200
     198
     215
     197
     210
     211
     221
     221
     226
     206
     218
     200
     197
     204
     181
     191
     192
     192
     199
     191
     183
     184
     208
     184
     211
     177
     185
     198
     216
     198
     206
     187
     207
     177
     178
     182
     212
     185
     183
     203
     186
     190
     207
     193
     192
     191
     179
     187
     217
     191
     170
     181
     193
     191
     179
     190
     183
     176
     203
     193
     189
     189
     189
     163
     176
     166
     180
     154
     160
     178
     165
     175
     186
     173
     163
     161
     186
     159
     166
     188
     176
     151
     187
     174
     171
     146
     161
     172
     181
     174
     171
     196
     164
     155
     173
     153
     143
     158
     137
     148
     154
     151
     152
     174
     166
     159
     176
     147
     175
     156
     148
     171
     157
     155
     146
     138
     148
     168
     155
     173
     160
     144
     140
     167
     138
     156
     153
     138
     156
     140
     147
     127
     143
     187
     140
     144
     142
     167
     129
     146
     142
     147
     153
     150
     131
     156
     160
     144
     158
     141
     122
     133
     142
     137
     141
     147
     132
     145
     138
     130
     159
     140
     136
     129
     132
     140
     138
     138
     150
     154
     129
     129
     124
     146
     146
     128
     127
     132
     129
     123
     137
     144
     127
     136
     145
     129
     121
     118
     141
     118
     136
     127
     150
     123
     120
     119
     129
     120
     132
     133
     131
     121
     104
     121
     141
     138
     128
     113
     117
     131
     128
     110
     120
     128
     115
     124
     109
     122
     133
     123
     110
     103
      96
     114
     109
     101
     122
     126
     127
      97
     116
     117
     110
      98
     114
     110
     122
      95
     100
     105
     114
     102
     110
      96
     113
     105
     104
      93
     110
     127
     105
     134
     113
     105
      94
     107
      82
      88
      93
      98
     105
     115
      94
     114
      93
     101
     103
      98
      96
     104
      91
     104
     108
     108
      91
      77
      80
      80
      79
      93
      92
      93
      85
      86
      80
      85
     100
      98
      95
      91
      98
      85
      82
      89
      94
      90
      91
      92
      90
      88
      74
      74
      86
      89
      93
      90
     102
      84
      77
      90
      90
      80
      94
      71
      81
      91
      77
      84
      87
      79
      70
      80
     103
      89
      84
      86
     102
      69
     108
      98
      91
      96
      80
      77
      82
      80
      67
      69
      75
      80
      83
      66
      58
      92
      93
      80
      71
      77
      82
      98
      97
      99
      81
      82
      68
      87
      80
      71
      81
      79
      77
      74
      84
      74
      79
      75
      92
      88
      80
      77
      88
      71
      77
      84
      69
      74
      70
      67
      81
      75
      69
      88
      75
      59
      88
      83
      66
      73
      54
      74
      71
      75
      74
      81
      69
      86
      77
      82
      82
      61
      81
      81
      83
      75
      76
      79
      76
      72
      77
      95
      79
      81
      73
      79
      67
      78
      76
      87
      73
      79
      72
      75
      84
      62
      75
      69
      92
      71
      70
      64
      63
      65
      77
      56
      89
      70
      50
      63
      49
      69
      73
      69
      64
      55
      73
      70
      72
      71
      67
      67
      77
      76
      78
      71
      76
      79
      89
      77
      79
      64
      65
      71
      61
      75
      60
      68
      55
      64
      78
      65
      71
      63
      74
      63
      83
      66
      73
      84
      67
      71
      68
      49
      69
      81
      60
      84
      68
      66
      72
      57
      65
      67
      68
      71
      67
      74
      62
      78
      57
      64
      69
      72
      57
      59
      60
      69
      55
      75
      62
      72
      58
      66
      65
      62
      59
      69
      48
      67
      71
      63
      48
      59
      61
      59
      54
      64
      48
      60
      58
      50
      79
      57
      42
      67
      65
      74
      76
      64
      66
      71
      54
      56
      61
      53
      85
      57
      57
      63
      48
      55
      71
      71
      58
      69
      59
      74
      61
      80
      57
      65
      69
      72
      70
      67
      59
      57
      64
      60
      76
      62
      58
      65
      65
      64
      71
      62
      66
      75
      66
      67
      73
      61
      62
      62
      63
      64
      58
      70
      55
      70
      73
      61
      67
      72
      83
      76
      65
      68
      60
      69
      58
      74
      77
      86
      79
      83
      92
      80
      76
      85
      89
      94
      63
      87
      83
      75
      87
      97
      85
      90
      98
     106
      97
     102
      83
     101
      96
     109
      99
     108
     104
     104
     104
      96
     116
     103
     119
     122
     113
     112
     134
     119
     125
     124
     130
     132
     120
     152
     143
     142
     166
     153
     159
     143
     159
     181
     180
     160
     168
     193
     174
     185
     188
     163
     210
     213
     213
     206
     241
     226
     230
     233
     211
     208
     214
     256
     234
     244
     244
     255
     253
     242
     235
     280
     278
     269
     299
     286
     291
     293
     293
     312
     298
     290
     282
     350
     316
     380
     372
     336
     322
     341
     367
     361
     367
     346
     397
     397
     382
     336
     385
     427
     389
     401
     382
     419
     417
     432
     410
     393
     407
     432
     416
     433
     414
     407
     435
     434
     422
     436
     472
     459
     438
     454
     483
     446
     425
     453
     457
     456
     459
     470
     463
     486
     490
     504
     439
     451
     485
     471
     513
     487
     437
     461
     509
     478
     453
     476
     459
     444
     441
     484
     523
     476
     444
     455
     444
     459
     470
     415
     398
     430
     466
     454
     410
     435
     406
     425
     421
     438
     418
     439
     401
     416
     398
     393
     355
     375
     400
     374
     361
     363
     355
     377
     364
     353
     374
     345
     312
     350
     312
     348
     324
     309
     297
     275
     270
     289
     296
     288
     286
     262
     255
     247
     255
     252
     256
     250
     229
     236
     259
     223
     242
     230
     223
     217
     230
     211
     176
     199
     193
     188
     169
     169
     152
     193
     188
     158
     183
     176
     161
     158
     166
     136
     152
     134
     155
     131
     131
     129
     130
     119
     122
     106
     108
     117
     115
     108
      98
     105
      88
      88
      77
      92
     105
      88
     100
      85
      97
      74
      95
      91
      83
      71
      86
      65
      65
      83
      67
      52
      64
      64
      50
      66
      52
      58
      57
      51
      84
      63
      57
      63
      59
      60
      58
      42
      59
      48
      52
      43
      47
      60
      51
      40
      62
      52
      50
      54
      47
      45
      43
      47
      35
      52
      39
      42
      50
      47
      56
      43
      39
      42
      52
      48
      40
      42
      30
      35
      47
      50
      40
      47
      43
      36
      39
      36
      49
      55
      45
      40
      39
      46
      41
      50
      38
      53
      44
      46
      46
      50
      45
      51
      48
      44
      46
      36
      44
      36
      54
      33
      51
      47
      54
      39
      42
      53
      52
      40
      48
      42
      40
      40
      42
      38
      44
      38
      47
      52
      53
      33
      45
      39
      50
      39
      43
      38
      64
      38
      42
      32
      42
      44
      34
      51
      39
      55
      54
      40
      50
      50
      47
      37
      45
      37
      46
      44
      48
      50
      42
      45
      43
      50
      43
      52
      46
      46
      54
      42
      35
      43
      55
      44
      34
      42
      56
      52
      37
      46
      42
      52
      48
      42
      55
      52
      56
      51
      47
      42
      63
      42
      45
      58
      38
      47
      69
      46
      40
      41
      62
      40
      52
      55
      42
      40
      52
      62
      47
      37
      47
      36
      55
      54
      42
      51
      47
      40
      35
      38
      42
      54
      43
      52
      44
      50
      44
      42
      30
      52
      50
      50
      58
      50
      49
      43
      45
      57
      42
      39
      45
      43
      35
      41
      48
      36
      42
      37
      51
      43
      48
      41
      39
      48
      41
      40
      41
      48
      37
      41
      37
      54
      46
      37
      40
      50
      46
      41
      48
      40
      49
      36
      43
      40
      40
      48
      41
      34
      45
      49
      43
      47
      38
      20
      32
      43
      35
      39
      42
      41
      39
      42
      42
      41
      37
      34
      36
      32
      45
      36
      37
      44
      44
      36
      35
      36
      39
      32
      33
      42
      32
      23
      36
      24
      44
      36
      36
      26
      34
      39
      30
      30
      29
      37
      34
      46
      33
      30
      27
      36
      39
      26
      43
      39
      27
      32
      22
      37
      31
      32
      33
      25
      39
      30
      41
      34
      30
      35
      31
      29
      37
      27
      33
      32
      25
      38
      32
      34
      32
      43
      28
      34
      40
      28
      19
      32
      35
      35
      38
      36
      35
      26
      35
      29
      28
      31
      33
      31
      24
      30
      33
      27
      31
      41
      32
      33
      23
      36
      30
      30
      47
      31
      28
      29
      25
      42
      27
      33
      27
      30
      30
      28
      33
      33
      27
      26
      35
      40
      30
      24
      31
      35
      25
      30
      28
      32
      30
      27
      39
      30
      43
      31
      37
      24
      28
      19
      27
      33
      30
      32
      34
      22
      37
      30
      36
      31
      28
      33
      33
      29
      22
      24
      35
      35
      18
      43
      18
      36
      32
      32
      19
      27
      28
      37
      27
      48
      34
      41
      18
      29
      34
      29
      29
      28
      31
      28
      35
      26
      23
      33
      39
      37
      36
      30
      41
      31
      29
      24
      31
      33
      22
      29
      28
      23
      27
      24
      37
      34
      36
      26
      35
      29
      30
      19
      31
      34
      19
      41
      22
      38
      33
      25
      22
      27
      33
      38
      30
      32
      30
      32
      22
      41
      41
      28
      37
      30
      28
      27
      34
      29
      24
      31
      29
      28
      30
      27
      23
      14
      28
      21
      33
      28
      39
      30
      29
      34
      41
      20
      29
      21
      27
      32
      36
      28
      30
      19
      21
      25
      26
      25
      33
      33
      23
      25
      28
      26
      29
      25
      25
      26
      41
      31
      27
      30
      23
      25
      26
      18
      26
      33
      30
      26
      21
      23
      28
      24
      31
      23
      31
      23
      22
      29
      20
      23
      27
      28
      33
      27
      35
      22
      26
      34
      21
      32
      32
      27
      35
      40
      27
      33
      28
      23
      37
      32
      29
      20
      24
      27
      40
      29
      27
      29
      25
      31
      33
      20
      29
      36
      37
      28
      27
      31
      25
      26
      29
      23
      31
      32
      31
      27
      31
      26
      34
      22
      26
      28
      26
      29
      24
      25
      27
      31
      28
      28
      28
      29
      32
      32
      41
      24
      34
      32
      22
      28
      28
      21
      33
      21
      33
      29
      33
      27
      30
      33
      32
      25
      25
      29
      33
      27
      23
      21
      26
      23
      20
      24
      26
      21
      29
      29
      23
      30
      26
      20
      23
      27
      34
      27
      39
      30
      32
      27
      33
      17
      29
      23
      21
      31
      31
      17
      27
      28
      30
      25
      36
      35
      22
      32
      24
      20
      28
      33
      38
      31
      24
      25
      39
      30
      39
      29
      30
      25
      22
      28
      27
      22
      30
      26
      29
      38
      26
      18
      25
      17
      28
      35
      35
      42
      37
      27
      28
      27
      27
      32
      26
      31
      24
      18
      28
      22
      20
      28
      31
      36
      30
      32
      32
      22
      23
      24
      27
      23
      31
      31
      26
      29
      25
      30
      28
      27
      29
      36
      24
      27
      30
      31
      30
      30
      29
      23
      19
      25
      31
      26
      24
      25
      26
      31
      26
      32
      17
      42
      36
      21
      28
      20
      23
      34
      28
      27
      25
      28
      31
      37
      25
      19
      30
      31
      23
      29
      29
      36
      30
      33
      34
      37
      20
      24
      26
      27
      32
      21
      28
      13
      22
      24
      34
      27
      28
      27
      27
      27
      30
      38
      27
      15
      28
      27
      25
      28
      27
      18
      32
      35
      28
      31
      23
      32
      31
      25
      19
      25
      25
      27
      21
      26
      29
      21
      29
      25
      23
      18
      26
      31
      30
      28
      28
      26
      22
      26
      24
      33
      27
      29
      24
      31
      28
      24
      27
      33
      19
      20
      28
      21
      29
      19
      27
      23
      28
      16
      31
      31
      33
      27
      25
      29
      33
      30
      24
      21
      35
      28
      36
      28
      22
      23
      33
      23
      21
      14
      29
      19
      31
      23
      22
      20
      22
      24
      23
      25
      23
      29
      24
      28
      24
      25
      29
      34
      28
      35
      23
      31
      32
      19
      19
      24
      27
      22
      20
      29
      24
      24
      36
      33
      29
      16
      23
      34
      21
      21
      32
      30
      22
      24
      24
      30
      29
      29
      31
      21
      25
      43
      27
      27
      31
      25
      31
      29
      31
      21
      20
      19
      19
      25
      19
      21
      37
      28
      20
      38
      39
      19
      28
      25
      27
      23
      25
      32
      29
      24
      27
      25
      17
      33
      31
      31
      22
      22
      27
      29
      28
      14
      37
      20
      25
      24
      24
      35
      32
      23
      31
      28
      30
      18
      19
      24
      33
      28
      32
      27
      18
      20
      22
      20
      28
      15
      33
      21
      24
      17
      28
      17
      24
      19
      19
      28
      31
      27
      27
      29
      21
      24
      35
      27
      38
      24
      37
      18
      28
      21
      21
      29
      29
      30
      20
      24
      20
      26
      29
      19
      19
      21
      17
      25
      21
      23
      31
      27
      17
      23
      32
      34
      24
      26
      26
      27
      30
      27
      33
      21
      30
      29
      22
      26
      21
      33
      21
      29
      20
      27
      26
      20
      34
      24
      24
      23
      21
      25
      19
      18
      26
      25
      25
      30
      29
      25
      13
      16
      28
      21
      22
      15
      24
      23
      24
      20
      23
      20
      26
      21
      25
      24
      23
      21
      26
      28
      34
      25
      22
      27
      27
      28
      23
      25
      23
      23
      21
      28
      17
      18
      26
      37
      35
      27
      26
      29
      26
      15
      29
       9
      25
      22
      20
      24
      22
      23
      22
      15
      22
      25
      33
      24
      19
      29
      32
      28
      27
      20
      18
      22
      19
      26
      35
      22
      22
      27
      25
      33
      24
      26
      35
      21
      31
      37
      22
      27
      22
      19
      25
      25
      36
      24
      29
      28
      26
      21
      27
      21
      28
      30
      29
      32
      33
      31
      36
      27
      27
      31
      23
      28
      24
      16
      22
      22
      29
      25
      26
      29
      27
      25
      33
      22
      30
      35
      26
      27
      25
      36
      38
      28
      31
      22
      36
      30
      27
      31
      31
      32
      30
      30
      34
      31
      29
      35
      27
      26
      32
      36
      29
      29
      23
      33
      32
      38
      27
      25
      24
      27
      37
      25
      28
      29
      25
      28
      24
      30
      35
      23
      22
      21
      25
      29
      23
      29
      29
      38
      38
      19
      35
      34
      32
      28
      28
      22
      22
      35
      31
      30
      28
      26
      29
      22
      32
      38
      29
      12
      27
      38
      30
      30
      24
      25
      37
      25
      14
      35
      34
      36
      26
      22
      27
      39
      25
      23
      31
      24
      32
      29
      26
      41
      32
      25
      32
      27
      24
      26
      29
      29
      22
      26
      26
      26
      30
      26
      27
      28
      23
      32
      26
      22
      16
      29
      26
      31
      21
      23
      27
      28
      21
      18
      30
      35
      31
      24
      30
      21
      30
      29
      36
      19
      31
      31
      16
      21
      31
      28
      26
      41
      25
      31
      31
      27
      31
      26
      23
      28
      30
      22
      33
      30
      26
      32
      32
      38
      17
      32
      30
      32
      24
      40
      21
      32
      25
      30
      18
      23
      32
      28
      27
      26
      20
      36
      22
      32
      35
      30
      32
      30
      28
      37
      20
      39
      27
      22
      22
      40
      21
      23
      30
      28
      30
      31
      23
      27
      31
      28
      29
      38
      31
      27
      29
      22
      26
      28
      31
      30
      20
      24
      31
      17
      35
      41
      24
      30
      19
      16
      34
      35
      26
      28
      32
      22
      34
      34
      28
      20
      27
      26
      25
      22
      34
      21
      28
      38
      30
      31
      25
      24
      32
      28
      24
      33
      23
      32
      24
      25
      22
      31
      20
      28
      30
      34
      38
      37
      32
      26
      24
      24
      20
      27
      36
      18
      25
      24
      20
      27
      29
      29
      41
      23
      30
      26
      20
      43
      27
      23
      22
      23
      21
      28
      28
      27
      29
      27
      27
      30
      30
      22
      29
      28
      28
      28
      22
      44
      20
      29
      25
      21
      25
      25
      27
      13
      21
      31
      30
      39
      25
      20
      22
      30
      29
      17
      27
      20
      32
      29
      26
      22
      22
      29
      14
      28
      20
      26
      27
      29
      19
      30
      30
      26
      16
      28
      33
      25
      23
      30
      22
      23
      24
      17
      29
      16
      25
      30
      14
      25
      32
      26
      34
      26
      25
      19
      23
      22
      26
      21
      24
      19
      25
      21
      27
      33
      25
      21
      25
      21
      30
      27
      24
      17
      28
      26
      33
      25
      31
      29
      27
      29
      23
      24
      24
      22
      21
      22
      21
      19
      31
      23
      28
      27
      18
      25
      23
      26
      25
      21
      26
      22
      26
      24
      21
      16
      24
      23
      24
      22
      27
      20
      24
      11
      15
      26
      22
      17
      23
      16
      19
      21
      20
      18
      20
      17
      15
      25
      17
      25
      16
      28
      25
      19
      23
      13
      21
      24
      17
      16
      18
      23
      17
      18
      30
      17
      20
      15
      28
      20
      28
      19
      19
      16
      20
      13
      26
      18
      26
      19
      20
      18
      26
      26
      23
      22
      17
      19
      15
      22
      23
      12
      17
      14
      17
      18
      18
      25
      14
      22
      14
      14
      15
      12
      19
      20
      16
      16
      16
      26
      15
      21
      13
      16
      12
      18
      11
      17
      14
      13
      16
      19
      18
      16
      13
      14
      20
      13
      16
      16
      15
      16
      16
      11
      16
      14
      26
      16
      11
      20
      16
      11
      14
      19
      16
      13
      11
      20
      19
      19
      16
      14
      18
      10
      11
      17
      17
      15
      17
      21
      15
      14
       9
      12
      15
      15
      16
      18
      17
      13
      18
      10
      24
      13
      14
      13
      21
      25
      12
      13
      14
      11
      17
      14
      13
      12
      19
      16
      12
      13
      16
      12
      14
      25
      12
      13
      10
      16
      12
      15
      17
      17
      13
      18
      13
      12
      13
       9
      23
      15
      14
      15
       7
      14
      16
       8
      11
      18
      11
      16
      13
      12
      17
      20
      16
      12
      11
       9
      12
      15
       7
      17
      12
      12
      17
      11
      15
      23
      12
      18
      14
      10
      20
      10
      11
      12
      16
      13
      14
       9
      18
      10
      14
      11
      20
      13
      11
      13
      14
       7
      11
      11
      21
      10
      19
      18
      19
      16
       8
      14
       8
      15
      14
      19
       9
      21
      10
      15
      17
      15
      11
       9
       9
      16
      11
      16
      13
      13
      15
      18
      15
      13
       8
       7
      11
      13
       9
      16
      12
      17
       9
      19
      13
      17
      12
      15
      14
      16
      18
      18
      17
      11
      13
      11
      11
      15
      16
      10
      12
      19
      13
      13
      12
      15
      13
       9
      12
       8
      16
      18
      16
      16
      14
      16
      11
      17
       9
       6
      13
      16
      13
      12
      13
      22
      11
      19
      17
      14
      13
      11
       9
      14
      15
       5
      10
      14
      16
      12
      16
      12
       9
      13
      15
      15
      18
       7
      15
      15
      15
       9
       9
       7
       7
       8
      14
      19
      18
      15
      10
      12
      12
       9
      13
      16
      11
      14
      13
      12
      18
      19
      16
      11
      17
      11
      19
      13
      17
       9
      15
      12
      18
       8
       7
      13
      13
      12
      14
      10
      14
       7
      16
      15
      15
       9
      10
      14
      11
      12
      14
      12
      14
       9
      10
      15
       9
      18
      17
      11
       9
      14
      13
       7
       6
       8
      10
      13
      10
      12
       9
      10
       9
      11
      10
       7
       7
      10
      15
      11
       9
       9
       6
      10
       7
       8
      11
      15
      19
       9
      16
      13
      10
      17
      16
      10
       8
      11
       9
      15
       5
      10
      20
      11
       8
      11
       8
      15
       9
      12
      13
      19
       5
      16
      11
       7
      16
      12
      10
      12
      13
      10
       9
      10
      11
       8
      13
       9
       5
       8
       9
       9
       8
      11
      10
      15
       9
      11
       9
      12
      12
      14
      12
      14
      15
       8
      11
      21
       8
       9
       8
      18
       7
       8
      13
      13
       7
      13
      11
       6
      13
       9
      11
      10
      10
      16
      10
      12
       8
       7
      11
       6
       7
       7
      10
       5
       5
       8
      13
       6
      12
       9
       7
      16
       9
      11
      10
      13
      12
       9
      12
      14
      13
      11
      13
      15
      11
      10
      11
      12
      15
      10
      13
       8
      10
       7
      14
       9
       5
       7
       9
      14
      11
       7
       9
      15
      10
      12
      17
      10
       4
      16
       9
      13
      10
       8
      11
      10
      10
       7
       6
      12
      11
      13
       8
      14
      11
      11
      10
      11
      14
      13
      18
      13
       7
      16
      12
      12
      14
      10
      13
      16
       9
       7
       5
      11
      15
      11
       9
      13
      12
       8
       7
      12
      14
      10
      10
      11
      11
      10
      13
      18
      14
      10
      10
      11
      16
      16
      11
      14
      15
      13
       9
      14
      16
      14
      20
      14
      14
      12
      18
      17
      10
      26
      13
      11
      12
      18
      15
      15
      12
      12
      18
      11
      18
      16
      17
      10
      20
      21
      19
      19
      14
      20
      23
      20
      22
      17
      16
      26
      19
      15
      10
      29
      18
      24
      12
      18
      20
      24
      23
      21
      23
      19
      13
      16
      25
      21
      28
      26
      26
      18
      21
      22
      29
      20
      40
      28
      23
      28
      26
      28
      29
      22
      18
      23
      19
      25
      25
      22
      32
      33
      15
      23
      24
      29
      32
      25
      37
      28
      31
      27
      33
      40
      33
      28
      33
      36
      30
      22
      48
      33
      29
      36
      43
      42
      43
      42
      40
      38
      33
      40
      37
      34
      35
      48
      36
      31
      40
      41
      51
      48
      42
      44
      48
      47
      57
      36
      38
      39
      48
      65
      44
      46
      60
      58
      55
      50
      59
      55
      53
      36
      36
      46
      40
      50
      53
      44
      55
      60
      65
      52
      49
      55
      52
      46
      45
      50
      54
      60
      53
      51
      63
      69
      53
      65
      60
      56
      55
      42
      62
      53
      62
      64
      49
      59
      56
      63
      53
      57
      50
      70
      55
      57
      67
      46
      55
      56
      54
      62
      66
      46
      70
      51
      60
      72
      69
      77
      70
      58
      53
      60
      57
      55
      55
      68
      53
      50
      61
      51
      50
      52
      59
      47
      60
      61
      67
      68
      57
      48
      49
      70
      54
      70
      56
      58
      46
      61
      59
      60
      68
      58
      58
      49
      61
      66
      65
      58
      51
      48
      51
      56
      55
      48
      39
      43
      54
      52
      50
      45
      52
      49
      71
      45
      64
      37
      52
      58
      47
      48
      54
      59
      48
      53
      45
      48
      41
      38
      53
      48
      28
      50
      37
      37
      38
      45
      37
      56
      52
      36
      51
      38
      38
      40
      29
      38
      31
      37
      41
      32
      34
      44
      31
      40
      31
      38
      35
      29
      31
      41
      36
      36
      32
      38
      33
      34
      30
      37
      21
      31
      23
      31
      27
      37
      34
      29
      20
      27
      22
      25
      25
      27
      26
      39
      30
      23
      21
      19
      21
      18
      32
      34
      27
      24
      25
      29
      28
      23
      18
      25
      25
      24
      18
      15
      21
      14
      18
      16
      18
      23
      19
      26
      23
      19
      18
      19
      14
      10
      19
      16
      25
      18
      15
      16
      15
      13
      20
       8
      15
      12
      15
      14
      19
      15
      12
      17
      12
      10
      12
       7
      16
      11
      12
      14
      13
      12
       4
       8
      12
      13
       9
      12
      13
      10
      10
      10
      11
       7
      14
      10
      10
      12
      11
       6
       5
       6
       8
       7
      12
       7
       8
       4
       8
      10
      13
       4
       5
      11
       8
       9
       7
       6
       7
       7
       7
       5
      14
      10
      11
      11
       7
       6
       7
       5
       9
       7
       6
       9
       7
       7
       9
       2
       4
       4
       8
       3
       3
       5
       6
       7
       6
       4
       4
       3
       8
       6
       6
       5
       3
      12
       6
       6
       4
       3
       6
       4
       5
       8
       3
       5
       3
       5
       5
       6
       3
       5
       4
       5
       1
       4
       2
       7
       7
       8
       6
       4
      10
       7
      11
       5
       5
       2
       5
       5
       9
       4
      12
       4
       7
      10
       7
       6
       6
       3
       2
       3
       5
       4
       5
       7
       5
       3
       6
       7
       5
       2
       5
       2
       6
       6
       5
       5
       7
       6
       4
       6
       6
       3
       4
       6
       6
       7
       2
       5
       6
       5
       9
       9
       5
       3
       4
       5
       5
       6
       5
       6
       3
       5
       6
       3
       5
       3
       2
      12
       4
       0
       4
       7
       6
       7
       6
       4
       5
       6
       5
       9
       2
       4
       8
       4
       1
       5
       6
       5
       4
       5
       6
       6
       3
       6
       7
      10
      12
       9
       6
       5
       6
       7
       2
       5
       9
       7
       4
       7
       4
       3
       7
       5
       3
       5
       8
       7
       8
       5
       7
       8
      10
       5
       6
      11
       9
       9
       9
       2
      10
       5
       3
       9
       9
       4
       9
       4
       9
      11
       5
       8
       9
       5
       8
       4
       5
       9
       4
      11
       4
       3
       7
       6
       9
       7
      12
       8
       6
       7
       9
       9
       7
      12
      10
       4
      12
       6
       5
       7
       7
       8
       9
       9
       7
       6
      11
       8
       7
       7
       3
       7
      10
       8
       9
       8
       7
       8
       8
      13
      12
      10
      11
      15
       7
       8
       8
      10
      12
      10
      13
       8
      14
      10
      10
      13
      13
       8
      12
      15
      16
      10
       9
       7
      13
      10
       6
       6
      20
      10
      10
      17
      10
      10
      11
       6
      11
       8
      13
       9
      16
      15
      11
      17
      16
      10
      19
      13
      21
      10
      15
      20
      11
      11
      18
      14
       7
      21
      16
      12
      21
      17
      15
      11
      15
      26
      16
      18
      21
       8
      12
      13
      12
      12
      14
      19
      12
      17
      16
      16
      15
      25
       9
      17
      20
      15
      16
      22
      18
      15
      14
      16
      17
      12
      22
      17
      16
      19
      18
      12
      20
      22
      12
      19
      17
      21
      19
      18
      15
      12
      19
      16
      15
      20
      19
      19
      13
      11
      11
      21
      23
      24
      23
      14
      14
      21
      17
      15
      17
      18
      19
      16
      14
      12
      17
      17
      16
      22
      23
      16
      19
      17
      16
      18
      22
      30
      14
      17
      19
      16
      13
      16
      14
      14
      14
      25
      15
      22
      13
      10
      22
      13
      21
      27
      17
      15
      14
      21
      17
      19
      20
      17
      20
      18
      19
      15
      17
      15
      16
      15
      17
      19
      15
      13
      18
      21
      15
      11
       8
       9
      16
      17
      13
      13
      17
      20
      15
      19
      14
       7
      10
      13
      15
       9
      20
       8
      20
      16
      19
      15
      12
      13
      12
      12
      19
      21
       8
      11
      14
       9
      11
       8
       8
      15
       9
      10
      16
      12
      11
      15
      10
      12
       7
       6
      12
       7
       9
      15
      14
      13
       8
       9
      12
       9
      11
      16
      12
      10
      17
      11
       7
       9
       9
       5
       9
      12
       8
      16
       9
       6
       6
      18
      12
      10
       5
       7
       7
       6
      13
       5
       6
       8
       5
      14
       8
      10
      13
      11
       9
       8
       6
       6
       8
      12
       7
       5
       5
       1
       8
       3
       4
       6
       8
       4
       7
       5
       5
      10
      10
       9
       3
       9
       5
       6
      10
       8
       2
       8
       5
       7
       6
       8
       9
       4
      10
       9
       6
       4
       3
       3
       6
       2
       3
       2
       9
       5
       6
       5
       6
       4
       5
       3
       2
       9
       3
      10
       8
       5
       4
       6
       3
       3
       2
       4
       6
       6
       2
       6
       7
       1
       6
       3
       1
       4
       3
       6
       5
       4
       3
       4
       3
       4
       5
       3
       3
       4
       3
       5
       2
       5
       6
       4
       2
       5
       3
       2
       7
       4
       5
       2
       7
       3
       6
       2
       4
       6
       4
       1
       2
       4
       2
       3
       3
       2
       3
       1
       3
       3
       1
       4
       1
       2
       6
       1
       3
       0
       4
       4
       2
       2
       5
       7
       2
       1
       3
       3
       2
       4
       3
       3
       3
       5
       3
       0
       3
       4
       1
       2
       4
       8
       4
       7
       2
       2
       7
       1
       4
       4
       5
       2
       3
       1
       3
       9
       3
       7
       1
       4
       2
       2
       1
       4
       2
       0
       0
       1
       4
       1
       3
       4
       3
       3
       2
       2
       2
       6
       6
       3
       2
       2
       2
       3
       1
       5
       2
       4
       2
       3
       6
       3
       2
       4
       4
       4
       2
       3
       3
       3
       4
       4
       2
       5
       1
       3
       5
       4
       2
       2
       6
       5
       4
       3
       2
       2
       7
       2
       7
       3
       2
       3
       1
       4
       2
       0
       2
       1
       3
       2
       2
       2
       3
       1
       4
       5
       0
       3
       5
       6
       4
       3
       8
       2
       2
       2
       4
       1
       4
       2
       1
       2
       8
       5
       6
       6
       2
       4
       4
       4
       3
       6
       7
       2
       7
       2
       5
       1
       2
       1
       6
       2
       2
       3
       2
       2
       3
       1
       3
       3
       1
       3
       2
       1
       3
       6
       3
       5
       0
       2
       1
       1
       4
       8
       4
       4
       2
       7
       4
       1
       5
       4
       5
       3
       4
       2
       4
       3
       1
       4
       5
       3
       5
       5
       2
       2
       5
       1
       2
       4
       1
       2
       2
       6
       2
       5
       3
       7
       2
       1
       3
       1
       2
       2
       4
       4
       3
       2
       3
       3
       0
       1
       0
       2
       3
       1
       1
       1
       3
       3
       1
       3
       1
       6
       2
       2
       1
       2
       2
       2
       1
       2
       2
       4
       6
       7
       4
       2
       4
       2
       1
       5
       3
       4
       0
       2
       2
       7
       1
       3
       1
       5
       3
       2
       2
       0
       2
       1
       5
       3
       2
       2
       3
       4
       2
       4
       4
       5
       2
       0
       1
       1
       0
       1
       3
       5
       1
       6
       1
       3
       2
       1
       2
       6
       1
       3
       3
       2
       3
       2
       5
       5
       1
       2
       2
       3
       0
       3
       4
       2
       1
       3
       2
       4
       3
       3
       2
       2
       2
       4
       4
       1
       4
       1
       4
       1
       1
       4
       4
       3
       1
       2
       3
       1
       1
       3
       2
       3
       2
       2
       3
       1
       1
       2
       4
       1
       0
       1
       1
       5
       2
       3
       2
       1
       2
       3
       3
       2
       0
       1
       1
       4
       1
       3
       0
       3
       1
       4
       3
       1
       3
       1
       3
       1
       2
       3
       2
       0
       2
       1
       3
       2
       4
       3
       0
       3
       1
       2
       2
       3
       2
       0
       4
       2
       1
       2
       2
       4
       1
       2
       1
       0
       2
       2
       4
       1
       1
       3
       3
       2
       0
       3
       2
       0
       1
       1
       3
       0
       4
       1
       4
       3
       1
       4
       0
       4
       2
       2
       2
       2
       2
       1
       0
       0
       3
       3
       3
       0
       1
       1
       2
       2
       3
       0
       0
       4
       2
       0
       0
       1
       0
       2
       2
       0
       0
       2
       0
       2
       2
       0
       0
       2
       2
       2
       1
       0
       2
       1
       4
       0
       1
       2
       2
       4
       1
       2
       2
       3
       0
       2
       2
       4
       1
       1
       0
       3
       0
       1
       0
       3
       0
       2
       3
       1
       1
       5
       1
       3
       4
       0
       3
       2
       1
       0
       1
       2
       2
       3
       3
       2
       0
       3
       3
       0
       3
       0
       4
       1
       0
       2
       3
       3
       1
       2
       3
       4
       1
       2
       2
       3
       0
       0
       3
       4
       0
       0
       3
       3
       4
       0
       4
       2
       1
       1
       2
       3
       4
       8
       3
       3
       1
       0
       2
       2
       3
       1
       3
       0
       2
       0
       5
       3
       1
       4
       2
       2
       3
       2
       1
       2
       5
       3
       2
       1
       4
       6
       1
       3
       3
       1
       2
       2
       2
       2
       2
       3
       5
       4
       2
       2
       4
       1
       4
       3
       2
       3
       1
       1
       3
       2
       5
       2
       3
       1
       2
       5
       1
       4
       3
       3
       2
       2
       4
       5
       2
       8
       3
       2
       3
       3
       1
       1
       4
       3
       3
       4
       1
       1
       2
       1
       1
       2
       1
       3
       1
       4
       0
       4
       2
       1
       4
       0
       4
       0
       2
       1
       3
       5
       2
       2
       0
       2
       3
       4
       3
       3
       4
       3
       2
       2
       3
       0
       2
       1
       6
       3
       2
       2
       3
       4
       3
       2
       2
       4
       1
       4
       3
       4
       2
       2
       0
       1
       4
       5
       4
       3
       2
       4
       3
       4
       5
       2
       1
       2
       5
       2
       3
       1
       4
       4
       1
       2
       6
       4
       1
       1
       2
       4
       3
       1
       3
       3
       3
       3
       4
       2
       3
       2
       4
       4
       3
       6
       6
       2
       2
       4
       1
       3
       6
       2
       2
       5
       4
       0
       1
       3
       3
       6
       1
       4
       6
       3
       5
       1
       3
       1
       0
       4
       5
       3
       3
       2
       1
       3
       4
       3
       1
       3
       2
       3
       0
       2
       4
       3
       3
       6
       4
       4
       1
       1
       7
       1
       3
       0
       6
       4
       4
       3
       4
       3
       2
       2
       3
       3
       6
       2
       3
       4
       2
       3
       2
       2
       1
       4
       3
       2
       2
       2
       3
       3
       1
       1
       5
       6
       1
       5
       2
       4
       1
       1
       4
       3
       3
       3
       3
       2
       2
       4
       4
       0
       1
       0
       2
       2
       2
       2
       3
       3
       2
       4
       4
       1
       1
       1
       1
       4
       6
       5
       3
       0
       2
       1
       3
       1
       3
       2
       5
       2
       3
       6
       2
       3
       5
       2
       1
       0
       4
       1
       1
       6
       2
       1
       3
       1
       4
       4
       4
       1
       2
       2
       1
       0
       3
       5
       4
       2
       2
       2
       5
       3
       6
       2
       0
       1
       2
       3
       3
       5
       1
       2
       1
       1
       0
       3
       2
       1
       4
       1
       4
       3
       3
       2
       1
       1
       0
       2
       4
       1
       0
       1
       3
       2
       0
       5
       1
       3
       4
       2
       3
       4
       1
       2
       1
       2
       3
       1
       1
       2
       3
       1
       1
       4
       2
       1
       2
       2
       2
       3
       2
       4
       2
       1
       0
       4
       3
       1
       1
       1
       3
       3
       1
       1
       2
       2
       2
       3
       3
       5
       1
       0
       3
       3
       3
       2
       2
       2
       2
       1
       2
       2
       1
       1
       1
       1
       2
       3
       3
       0
       1
       4
       3
       1
       3
       1
       0
       1
       3
       2
       2
       2
       1
       3
       1
       1
       1
       1
       6
       1
       0
       0
       1
       3
       3
       3
       4
       1
       5
       1
       2
       3
       0
       1
       1
       2
       3
       2
       2
       2
       0
       0
       1
       3
       2
       1
       3
       1
       1
       2
       1
       4
       1
       3
       5
       2
       1
       2
       1
       0
       0
       1
       2
       2
       4
       0
       2
       2
       0
       0
       1
       4
       1
       1
       3
       2
       2
       0
       0
       1
       0
       3
       2
       3
       1
       2
       2
       1
       1
       0
       1
       3
       0
       1
       0
       1
       1
       1
       1
       2
       5
       2
       1
       2
       2
       2
       1
       1
       1
       0
       1
       0
       3
       0
       5
       0
       1
       1
       2
       0
       1
       2
       1
       1
       1
       1
       4
       1
       4
       0
       0
       1
       1
       3
       2
       0
       0
       3
       3
       1
       2
       3
       0
       0
       2
       1
       1
       0
       2
       1
       1
       0
       4
       1
       2
       0
       1
       0
       1
       0
       1
       2
       0
       1
       2
       0
       0
       0
       1
       0
       1
       3
       2
       1
       0
       1
       1
       1
       1
       3
       0
       0
       2
       0
       4
       2
       1
       1
       3
       2
       1
       0
       3
       1
       1
       3
       0
       3
       1
       2
       3
       2
       1
       1
       1
       2
       4
       1
       1
       1
       1
       0
       0
       2
       1
       1
       2
       0
       0
       1
       0
       1
       2
       1
       1
       0
       3
       1
       0
       0
       1
       1
       0
       1
       1
       1
       1
       2
       2
       2
       0
       1
       0
       1
       1
       0
       1
       0
       1
       2
       0
       1
       3
       1
       0
       3
       0
       1
       3
       2
       2
       1
       0
       2
       1
       0
       0
       0
       1
       1
       1
       2
       4
       1
       1
       1
       1
       1
       1
       1
       1
       2
       0
       0
       0
       0
       0
       0
       3
       1
       2
       1
       4
       1
       0
       2
       3
       1
       1
       0
       0
       0
       1
       0
       1
       2
       0
       1
       0
       1
       1
       1
       1
       1
       0
       2
       0
       0
       2
       1
       0
       0
       0
       0
       1
       1
       0
       1
       0
       1
       1
       1
       1
       3
       1
       2
       1
       0
       2
       3
       1
       1
       4
       2
       3
       1
       1
       3
       3
       1
       0
       1
       1
       3
       2
       0
       0
       1
       3
       0
       1
       1
       0
       1
       1
       1
       1
       0
       2
       2
       2
       1
       2
       1
       1
       1
       3
       1
       0
       2
       2
       0
       1
       0
       3
       1
       1
       1
       2
       1
       0
       2
       1
       1
       2
       1
       2
       3
       0
       0
       2
       2
       1
       0
       1
       1
       0
       2
       0
       1
       2
       0
       1
       2
       0
       1
       1
       1
       2
       0
       2
       4
       2
       0
       2
       2
       0
       2
       1
       0
       1
       3
       1
       0
       0
       3
       2
       2
       0
       4
       1
       1
       4
       1
       3
       0
       1
       1
       0
       4
       4
       1
       0
       3
       2
       2
       2
       0
       0
       2
       1
       0
       0
       3
       0
       0
       0
       0
       0
       2
       2
       0
       1
       1
       1
       0
       1
       1
       2
       0
       0
       0
       0
       0
       3
       1
       2
       2
       2
       1
       3
       3
       1
       0
       1
       1
       1
       0
       2
       1
       2
       1
       3
       1
       3
       0
       0
       3
       0
       0
       1
       2
       2
       1
       2
       0
       4
       2
       0
       1
       0
       1
       2
       1
       2
       0
       1
       2
       1
       0
       3
       2
       0
       2
       2
       0
       3
       0
       1
       0
       0
       1
       0
       0
       3
       1
       1
       2
       0
       0
       1
       1
       0
       1
       1
       1
       0
       0
       1
       1
       4
       1
       0
       0
       2
       2
       1
       0
       0
       1
       1
       0
       1
       3
       1
       0
       1
       0
       0
       3
       1
       2
       1
       2
       3
       0
       1
       4
       3
       0
       0
       3
       0
       1
       0
       1
       0
       2
       3
       3
       1
       1
       0
       1
       1
       0
       2
       3
       1
       3
       0
       1
       1
       2
       0
       0
       1
       1
       0
       0
       3
       1
       2
       1
       1
       3
       1
       2
       3
       1
       2
       0
       1
       2
       2
       0
       1
       4
       0
       1
       3
       0
       1
       0
       2
       1
       0
       2
       1
       3
       2
       0
       1
       1
       2
       0
       2
       0
       1
       2
       1
       0
       0
       2
       0
       2
       2
       3
       0
       1
       2
       1
       3
       1
       1
       0
       4
       1
       3
       1
       2
       1
       0
       1
       2
       1
       2
       2
       6
       3
       4
       1
       1
       1
       1
       0
       1
       0
       2
       3
       4
       3
       1
       2
       3
       1
       0
       0
       2
       2
       1
       1
       4
       5
       1
       1
       1
       2
       0
       1
       4
       3
       2
       2
       1
       2
       2
       1
       2
       1
       3
       2
       0
       4
       0
       1
       3
       2
       1
       2
       1
       1
       1
       2
       1
       0
       1
       5
       2
       1
       4
       3
       1
       1
       0
       2
       2
       1
       1
       7
       1
       2
       0
       7
       2
       1
       1
       3
       2
       4
       1
       3
       0
       1
       3
       3
       4
       1
       3
       1
       1
       3
       4
       1
       1
       3
       1
       2
       2
       1
       2
       2
       2
       0
       1
       3
       2
       3
       3
       0
       0
       1
       4
       5
       1
       1
       1
       1
       2
       2
       1
       2
       2
       5
       1
       5
       1
       1
       4
       2
       3
       1
       1
       2
       2
       1
       0
       2
       2
       3
       1
       3
       2
       6
       1
       0
       2
       1
       0
       1
       1
       3
       2
       1
       1
       3
       2
       1
       2
       1
       2
       3
       1
       0
       6
       3
       3
       2
       2
       3
       2
       3
       1
       0
       3
       3
       5
       3
       2
       0
       2
       0
       0
       1
       3
       1
       1
       0
       2
       5
       0
       0
       2
       1
       1
       1
       2
       2
       1
       1
       2
       3
       5
       1
       2
       0
       3
       2
       2
       0
       1
       1
       3
       4
       3
       1
       1
       2
       1
       3
       1
       1
       1
       0
       0
       2
       3
       0
       1
       1
       3
       1
       2
       2
       2
       2
       2
       4
       5
       2
       0
       0
       2
       5
       5
       6
       2
       0
       2
       3
       1
       1
       2
       0
       2
       1
       2
       3
       1
       1
       0
       2
       4
       2
       3
       1
       2
       1
       1
       2
       0
       3
       0
       0
       3
       4
       2
       1
       2
       1
       2
       2
       1
       0
       1
       2
       2
       1
       2
       1
       2
       2
       3
       1
       0
       2
       1
       2
       2
       0
       0
       1
       0
       0
       3
       2
       3
       5
       0
       0
       3
       2
       2
       1
       1
       1
       0
       0
       2
       0
       3
       1
       1
       0
       1
       2
       1
       1
       1
       1
       2
       0
       2
       3
       1
       0
       0
       0
       0
       1
       0
       1
       2
       2
       2
       3
       3
       1
       0
       1
       2
       2
       3
       0
       0
       1
       1
       1
       2
       5
       2
       1
       2
       0
       4
       1
       1
       2
       0
       1
       1
       3
       1
       2
       2
       1
       0
       0
       4
       2
       0
       1
       2
       1
       1
       1
       1
       2
       1
       0
       1
       0
       1
       1
       2
       2
       6
       2
       0
       2
       2
       3
       2
       0
       2
       2
       1
       3
       0
       1
       1
       0
       1
       1
       0
       2
       1
       1
       1
       0
       1
       0
       0
       3
       0
       1
       0
       4
       3
       0
       1
       0
       2
       5
       1
       1
       0
       2
       2
       2
       1
       1
       2
       1
       1
       2
       2
       1
       2
       3
       5
       1
       1
       0
       3
       2
       2
       1
       3
       1
       2
       2
       2
       2
       1
       4
       2
       1
       4
       3
       2
       2
       1
       2
       5
       1
       1
       0
       0
       0
       0
       1
       1
       0
       7
       3
       0
       1
       3
       2
       1
       0
       1
       0
       1
       2
       0
       2
       1
       2
       2
       0
       3
       1
       1
       1
       0
       1
       0
       2
       0
       0
       0
       1
       1
       2
       0
       2
       1
       0
       1
       1
       1
       2
       0
       2
       1
       1
       1
       1
       1
       0
       2
       0
       1
       3
       3
       3
       3
       1
       1
       0
       0
       0
       1
       1
       2
       3
       1
       0
       2
       3
       1
       0
       0
       0
       1
       3
       1
       1
       1
       2
       1
       2
       1
       1
       0
       2
       1
       2
       1
       3
       0
       4
       1
       0
       3
       0
       1
       3
       3
       1
       2
       0
       1
       1
       2
       0
       0
       2
       1
       2
       1
       4
       0
       1
       0
       1
       1
       0
       2
       1
       2
       0
       3
       4
       1
       1
       0
       0
       0
       0
       0
       0
       2
       0
       1
       1
       1
       0
       1
       2
       1
       2
       1
       2
       1
       2
       0
       3
       2
       1
       2
       0
       1
       1
       2
       1
       2
       2
       1
       1
       3
       0
       0
       1
       0
       1
       0
       1
       1
       4
       2
       2
       1
       0
       1
       2
       2
       0
       1
       0
       1
       2
       0
       1
       0
       2
       1
       1
       0
       2
       0
       1
       1
       2
       1
       3
       0
       0
       1
       1
       0
       3
       2
       0
       0
       4
       1
       3
       0
       1
       1
       2
       1
       0
       3
       3
       4
       1
       2
       0
       2
       0
       2
       2
       2
       2
       1
       1
       0
       2
       0
       3
       3
       1
       4
       0
       5
       4
       0
       5
       2
       3
       0
       3
       4
       4
       2
       3
       1
       1
       2
       1
       1
       1
       2
       2
       2
       0
       1
       0
       0
       1
       2
       0
       4
       4
       8
       2
       3
       3
       3
       4
       4
       2
       2
       2
       2
       1
       1
       3
       4
       5
       0
       1
       1
       7
       1
       2
       4
       1
       1
       3
       1
       0
       4
       1
       2
       3
       0
       3
       1
       0
       4
       2
       3
       2
       3
       6
       2
       5
       1
       3
       3
       1
       0
       0
       2
       1
       4
       1
       1
       0
       0
       3
       5
       0
       0
       3
       3
       1
       0
       2
       5
       5
       4
       8
       7
       5
       4
       5
       5
       7
      13
       9
      14
      13
       5
      16
      11
      16
      22
      19
      13
      23
      19
      13
      16
      17
      18
      19
      16
      19
      28
      24
      26
      22
      18
      23
      22
      13
      21
      13
      13
      17
      15
      12
      13
       4
       6
       9
      12
       7
       4
       4
       7
       3
       4
       5
       3
       4
       3
       0
       3
       2
       0
       2
       2
       0
       2
       1
       0
       0
       0
       2
       1
       0
       0
       2
       1
       0
       1
       1
       0
       1
       2
       0
       1
       0
       0
       1
       0
       0
       0
       0
       0
       1
       1
       1
       0
       0
       1
       0
       1
       1
       0
       1
       0
       2
       1
       1
       1
       0
       4
       1
       0
       2
       1
       1
       2
       1
       0
       2
       3
       0
       0
       2
       0
       2
       3
       4
       2
       1
       1
       1
       2
       2
       2
       0
       3
       1
       3
       4
       2
       4
       2
       2
       4
       2
       1
       1
       1
       3
       2
       3
       3
       1
       1
       2
       7
       1
       4
       3
       6
       5
      12
       7
       9
      19
      19
      24
      27
      25
      31
      34
      42
      43
      46
      65
      74
     125
     195
     266
     135
      12
       1
       0
       0
       0
       0
       0
       0
       0
       0
       0
       0
       0
       0
       0
       0
       0
       0
       0
       0
       0
       0
       1
       0
       0
       0
       0
       0
       0
       0
       0
       0
       0
       0
       0
       0
       0
       0
       0
       0
       0
       0
       0
       0
       0
       0
       0
       0
       0
       1
       0
       0
       0
       0
       0
       0
       0
       0
       0
       0
       0
       1
       0
       0
       0
       0
       0
       0
       0
       0
       0
       1
       0
       0
       0
       0
       0
       0
       0
       0
       0
       0
       0
       0
       0
       0
       0
       0
       0
       0
       0
       0
       0
       0
       0
       0
       0
       0
       0
       0
       0
       0
       0
       1
       0
       0
       0
       2
       1
       0
       0
       1
       0
       0
       0
       0
       1
       1
       0
       0
       0
       0
       1
       0
       1
       0
       0
       0
       0
       0
       1
       0
       1
       0
       0
       0
       0
       0
       1
       0
       2
       2
       1
       0
       1
       1
       0
       0
       0
       0
       1
       0
       0
       2
       0
       2
       0
       1
       1
       0
       0
       0
       1
       0
       0
       0
       1
       0
       0
       0
       1
       0
       1
       1
       0
       0
       0
       0
       0
       1
       0
       0
       0
       0
       0
       0
       0
       0
       0
       0
       0
       0
       0
       1
       1
       0
       0
       1
       0
       0
       0
       0
       3
       0
       0
       2
       0
       0
       0
       0
       0
       0
       0
       0
       0
       2
       0
       0
       0
       0
       0
       0
       0
       1
       0
       0
       0
       1
       0
       0
       1
       1
       0
       0
       0
       0
       0
       0
       0
       0
       1
       0
       1
       0
       0
       0
       0
       0
       0
       1
       1
       0
       0
       0
       0
       0
       1
       0
       0
       0
       0
       0
       0
       0
       0
       0
       1
       0
       0
       1
       0
       0
       1
       0
       0
       0
       1
       0
       2
       0
       0
       0
       1
       0
$ROI:
2
1587 2016
4094 4656
$PRESETS:
Live Time
3600
0
$ENER_FIT:
-2.564146 5.859323
$MCA_CAL:
3
-2.564146E+000 5.859323E+000 2.989855E-004 keV
$SHAPE_CAL:
3
1.469019E+001 -5.192660E-002 5.111356E-005
