$SPEC_ID:
No sample description was entered.
$SPEC_REM:
DET# 1
DETDESC# DESKTOP-PA1F0GF MCB 337
AP# Maestro Version 7.01
$DATE_MEA:
04/14/2026 12:01:45
$MEAS_TIM:
249 264
$DATA:
0 8191
       0
       0
       0
       0
       0
       0
       0
       0
       0
       0
       0
       0
       0
       0
       0
       0
       0
       0
       0
       0
       0
       0
       0
       0
       0
       0
       0
       0
       0
       0
       0
       0
       0
       0
       0
       0
       0
       0
       0
       0
       0
       0
       0
       0
       0
       0
       0
       0
       0
       0
       0
       0
       0
       0
       0
       0
       0
       0
       0
       0
       0
       0
       0
       0
       0
       1
       0
       0
       0
       1
       0
       0
       0
       0
       0
       1
       3
       4
       6
      35
     323
     635
    1035
    1472
    1960
    2376
    2629
    2927
    3234
    3309
    3521
    3610
    3520
    3270
    3081
    3066
    3045
    2929
    3100
    3212
    3323
    3435
    3713
    3914
    4100
    4411
    4612
    4562
    4716
    4590
    4683
    4594
    4695
    4699
    4399
    4488
    4636
    4519
    4724
    4617
    4731
    4807
    4829
    4696
    4684
    4560
    4326
    3947
    3940
    3683
    3254
    3046
    2671
    2365
    2028
    1782
    1530
    1250
    1062
     903
     763
     656
     515
     445
     470
     377
     327
     373
     302
     316
     371
     329
     336
     363
     407
     380
     472
     454
     448
     496
     531
     559
     636
     615
     694
     720
     775
     757
     870
     946
    1038
    1060
    1139
    1152
    1209
    1358
    1440
    1506
    1539
    1713
    1733
    1929
    1998
    2094
    2224
    2506
    2601
    2705
    2802
    3028
    3262
    3425
    3486
    3698
    3770
    4012
    4096
    4312
    4398
    4539
    4777
    4848
    4932
    4939
    5427
    5347
    5664
    5736
    6069
    6079
    6463
    6934
    7335
    7682
    8200
    8846
    9471
   10126
   10951
   11412
   12548
   13691
   14965
   16031
   17257
   18566
   19667
   21009
   22327
   23544
   24668
   25616
   26469
   27382
   28183
   28493
   28655
   28511
   28724
   27895
   27333
   26157
   25618
   24143
   22772
   21380
   19221
   18336
   16508
   15209
   13426
   11937
   10629
    9140
    7774
    6851
    5749
    4939
    4138
    3367
    2804
    2294
    1843
    1451
    1251
    1029
     764
     652
     503
     462
     346
     297
     246
     224
     197
     178
     188
     155
     151
     142
     146
     136
     159
     145
     165
     153
     145
     115
     135
     157
     143
     143
     132
     142
     161
     133
     146
     143
     128
     168
     154
     174
     152
     140
     147
     148
     130
     120
     141
     122
     130
     147
     144
     144
     129
     122
     138
     116
     138
     125
     127
     117
     143
     138
     135
     131
     124
     146
     126
     152
     138
     113
     130
     156
     125
     117
     114
     119
     128
     125
     129
     125
     108
     129
     131
     132
     124
     119
     122
     119
     131
     153
     109
     118
     126
     105
     125
     122
     111
     126
     125
     128
     130
     124
     111
     105
     144
     117
     110
     104
     130
     132
     120
     116
     112
     139
     138
     144
     130
     135
     136
     130
     131
     116
     123
     145
     126
     123
     137
     128
     136
     139
     117
     148
     134
     130
     124
     135
     132
     145
     117
     115
     136
     123
     126
     123
     121
     122
     123
     121
     124
     115
     114
     112
     113
     141
     123
     140
     123
     103
     103
     111
     114
     117
     111
     139
      95
     113
     101
     109
     116
     141
     115
     116
     118
     133
     105
     128
     119
     116
     124
     109
     122
     119
     134
     116
      96
     100
     101
     122
     124
     104
     102
      97
     122
     132
     118
     106
     124
     124
     110
     132
     116
     102
     110
      93
      97
     112
      97
     108
     109
     101
      93
     104
      96
      93
     106
     103
      92
      96
      86
      87
      84
      83
      79
      87
      81
      98
      87
      72
      83
      75
      83
      87
      79
      91
      80
      83
      66
      75
      84
      78
      72
      64
      54
      71
      48
      70
      71
      56
      87
      53
      66
      73
      65
      65
      56
      72
      59
      64
      71
      72
      71
      83
      78
      72
      61
      67
      83
      64
      76
      56
      61
      78
      59
      59
      61
      56
      81
      57
      80
      63
      48
      54
      56
      54
      67
      74
      48
      70
      71
      63
      68
      71
      58
      62
      59
      69
      76
      56
      65
      70
      61
      61
      63
      57
      58
      66
      65
      48
      51
      61
      61
      53
      47
      56
      57
      77
      56
      63
      44
      66
      49
      54
      70
      47
      59
      51
      52
      64
      56
      55
      66
      61
      49
      54
      62
      60
      66
      69
      57
      46
      58
      55
      64
      41
      58
      59
      47
      56
      48
      53
      49
      57
      54
      50
      64
      55
      53
      56
      57
      51
      54
      53
      40
      50
      60
      53
      61
      60
      47
      58
      47
      42
      35
      43
      46
      38
      52
      49
      42
      44
      51
      45
      40
      54
      56
      40
      59
      51
      58
      42
      42
      47
      51
      55
      40
      59
      47
      52
      58
      53
      43
      48
      40
      65
      45
      35
      45
      48
      47
      52
      50
      37
      37
      33
      43
      48
      46
      44
      44
      52
      44
      49
      35
      48
      46
      39
      41
      44
      54
      39
      45
      47
      47
      51
      46
      43
      36
      45
      39
      34
      50
      31
      50
      39
      39
      44
      43
      44
      49
      34
      46
      32
      35
      33
      34
      43
      46
      43
      35
      47
      37
      40
      39
      38
      45
      42
      43
      38
      41
      37
      50
      34
      35
      36
      32
      45
      39
      38
      40
      35
      43
      36
      31
      34
      42
      47
      48
      43
      32
      46
      38
      47
      44
      36
      43
      31
      37
      38
      40
      45
      38
      36
      34
      34
      40
      28
      28
      36
      32
      31
      35
      31
      39
      24
      40
      20
      39
      35
      43
      38
      41
      36
      36
      48
      38
      40
      35
      36
      31
      30
      32
      55
      28
      29
      37
      41
      39
      35
      39
      32
      27
      37
      25
      40
      34
      28
      36
      28
      31
      32
      34
      31
      43
      33
      33
      30
      34
      36
      27
      35
      32
      35
      35
      41
      44
      28
      37
      36
      39
      27
      29
      26
      28
      32
      31
      38
      37
      30
      35
      26
      34
      25
      42
      45
      37
      31
      25
      37
      38
      33
      36
      29
      28
      36
      34
      27
      34
      33
      34
      36
      43
      38
      41
      40
      34
      31
      34
      33
      36
      33
      45
      25
      42
      35
      23
      27
      27
      30
      27
      30
      39
      28
      36
      28
      27
      38
      28
      31
      26
      29
      35
      24
      29
      30
      26
      31
      45
      26
      27
      32
      31
      28
      28
      17
      35
      36
      17
      26
      31
      31
      20
      30
      29
      22
      25
      27
      28
      22
      22
      29
      22
      28
      35
      25
      24
      29
      24
      31
      29
      30
      18
      24
      19
      19
      29
      23
      18
      30
      26
      17
      21
      20
      14
      29
      25
      24
      26
      19
      25
      17
      16
      17
      23
      18
      21
      25
      19
      20
      26
      21
      28
      23
      18
      21
      24
      28
      19
      19
      24
      25
      27
      22
      23
      16
      17
      20
      22
      29
      13
      25
      17
      19
      12
      21
      17
      23
      17
      25
      19
      22
      20
      19
      16
      22
      21
      22
      14
      16
      22
      24
      18
      23
      21
      20
       9
      16
      20
      19
      20
      18
      28
      15
      26
      11
      17
      22
      21
      14
      23
      11
      23
      13
      14
      22
      13
      23
      25
      26
      21
      25
      24
      15
      16
      19
      19
      15
      16
      21
      29
      19
      23
      22
      15
      20
      25
      20
      11
      17
      18
      27
      20
      15
      23
      17
      21
      17
      23
      12
      11
      15
      22
      17
      13
      14
      27
      13
      23
      16
      18
      18
      13
      17
      13
      11
      16
      20
      21
      15
      12
      18
      18
      20
      14
      16
      15
      21
      16
      18
      15
      16
      10
       9
      15
      11
      16
      19
      13
      17
      17
      11
      17
      15
      16
      11
      16
      18
      11
      15
      22
       8
      11
      12
      19
       4
      12
      13
      14
      18
      18
      10
      11
      20
       6
       8
      10
      15
      12
      13
      10
      16
      13
      21
      14
      16
      16
      20
      10
      12
      10
      12
      27
       8
      19
       9
       9
      13
      14
      16
      10
      11
      22
      13
      13
      13
       9
      14
      15
      14
      10
      19
      16
      15
      13
      17
      13
       9
      18
      11
      14
      17
      10
      15
      14
      14
      20
      15
      10
      11
      11
      13
      13
      15
      17
      12
      20
      14
      10
      10
      12
      12
      17
      16
      10
      12
      13
      14
      10
      16
      11
      12
      19
      14
      12
      11
      14
      16
      10
      11
      18
      14
      17
       9
      22
       8
      15
      13
      10
      10
      12
      17
       9
      12
      11
      17
      17
      12
      13
      10
       9
      14
      17
      11
      10
       8
      11
      12
      14
      11
      19
      12
      11
       8
       6
      13
      15
      13
      13
      14
      18
      10
      16
      13
      11
      11
      15
      13
      18
      12
       9
       9
      13
      10
       5
      12
      14
       6
      18
      19
      12
      14
      14
       8
      10
      13
       7
      19
       9
      13
      11
      17
      12
      10
       8
      10
      11
      10
      12
      13
      14
      15
      12
      19
      14
      17
      16
      10
      13
      11
      12
       8
      10
       9
       9
       9
       8
       6
      10
       9
      13
      14
      12
      10
      11
       7
       9
      12
       8
      12
      13
      10
       9
       7
       7
      11
       6
      17
      14
      11
       7
       6
       7
       9
      10
       6
       6
      12
      10
       5
       8
      11
       6
      14
      11
       9
      11
      16
       9
       8
       6
       7
      11
       6
      12
       8
       7
       7
      10
      14
       8
       7
       7
       9
       8
       6
      12
      10
      15
       9
       8
       8
       1
       7
       6
       8
      12
       4
      13
      10
       8
      10
      16
      10
       6
       6
      12
       5
       8
       7
       8
       7
      10
      14
       7
       8
      11
       6
       4
      10
       8
       7
       7
      15
       4
       5
       5
      12
       6
       9
       7
       6
      12
       3
      11
       3
       8
      10
       9
      11
       7
      10
      11
       7
       5
       9
      10
       4
       6
       8
      10
       5
       7
       6
       5
      13
       7
      10
       4
       7
       5
      13
       8
      13
      15
       9
      10
       7
       4
       7
      11
      11
      12
       9
       5
       5
       4
       6
       8
      10
       1
       4
       9
       6
      16
      12
       8
       7
       6
       7
      11
       7
      12
       4
       7
      11
       9
       8
       6
      12
       4
       5
      10
       4
       2
       3
       8
       4
       6
      10
       8
       6
       6
      10
       4
       6
      10
       8
       8
       5
       9
       4
      10
       7
       5
       2
       7
       6
       7
       6
       8
       6
       5
       5
       6
      11
       7
       6
      10
       7
       5
       5
       8
       3
      14
       8
       7
       3
       6
       4
       6
       7
       6
       4
       6
       6
      10
       8
       6
      11
       6
       8
       7
       5
       6
       7
       9
       6
       6
       6
       8
       2
       8
       5
       7
       3
       3
      14
       6
       6
       8
       4
       5
       4
       9
       6
       7
       4
       2
       2
       2
       4
       5
       4
       4
       5
       4
       7
       8
      10
       9
       4
       9
       7
       7
       2
       8
       5
       4
       6
       7
       9
       6
       2
       9
       6
      10
       5
       6
       5
       7
       6
       3
       7
       3
       4
       9
       8
       7
       7
       7
       2
       6
       2
       4
       6
       5
       7
      10
       5
       7
       4
       6
       7
       2
       4
       7
       7
       7
       6
       7
       5
       6
      10
       5
       9
       5
       5
       3
       7
       8
       7
       7
       6
       9
       3
       3
       6
       6
       8
       3
       4
       3
       5
       7
       3
       8
      10
       5
       3
       6
       5
       3
      10
       5
      11
       4
       4
       4
       2
       9
       3
       5
       6
       8
       6
       1
       4
       8
       5
       6
       9
       2
       7
       7
       6
       5
       5
       5
       1
       3
      10
       6
       2
       6
       9
       8
       6
      10
       5
       2
       6
       4
       3
       6
       4
       6
       4
       5
       6
       3
       3
       6
       4
       9
       3
       5
       2
       7
       4
       2
       5
       4
       3
       6
       4
       4
       5
       6
       4
      10
      10
       5
       1
       7
       3
       1
       6
       5
       4
       9
       3
       2
       5
       5
       4
       8
       3
       6
       3
       4
       1
       5
       3
       2
       3
       6
       5
       6
       5
       2
       4
       3
       5
       8
       5
       8
       6
       5
       2
       6
       2
       6
       6
       7
       5
       7
       5
       6
       3
      10
       2
       3
       3
       6
      10
       5
       4
       4
       3
       7
       7
       6
       6
       6
       4
      10
       5
       6
       4
       6
       4
       3
       7
       3
       6
       8
       1
       7
       2
       7
       6
       7
       5
       3
       3
       4
       4
       5
       7
       3
       8
       4
       4
       2
       5
       8
       8
       8
      11
       4
       5
       9
       4
       4
       6
       4
       5
       9
       6
       2
       4
       9
       4
       9
       7
       6
       7
       6
       2
       4
       5
      10
       4
       4
       7
       7
       7
       9
       6
       4
       7
       4
       5
       5
       3
       3
       3
       2
       5
       3
       4
       6
       1
       2
       5
       4
       8
       8
       7
       8
       7
       5
       9
       6
       3
       6
       4
       2
       3
       4
       7
       8
       8
       7
       3
       2
       6
       5
       3
       0
       4
       6
       6
       3
       4
       5
       1
       5
       5
       5
       4
       5
       3
       5
       3
       3
       4
       4
       4
       2
       2
       1
       0
       5
       6
       2
       3
       2
       8
       6
       7
       5
       2
       6
       7
       4
       4
       5
       3
       2
       2
       2
       3
       3
       3
       3
       7
       3
       4
       2
       4
       2
       6
       3
       1
       7
       4
       5
       1
       6
       1
       4
       5
       8
       6
       4
       6
       6
       1
       3
       4
       6
       5
       4
       4
       3
       4
       8
       2
       6
       4
       5
       3
       6
       3
      11
       1
       6
       3
       2
       8
       1
       7
       6
       7
       4
       6
       3
       4
       2
       5
       9
      12
       7
       2
       8
       5
       2
       6
       4
       5
       7
       4
       4
       5
       3
       8
       2
       4
       7
       3
       4
       7
       3
       6
       2
       3
       5
       7
       8
       6
       2
       5
       4
       3
       4
       4
       3
       6
       6
       6
       5
       3
      10
       1
       3
       5
       5
       6
       4
       2
       3
       9
       7
       4
      11
       7
       8
       6
       6
       6
       3
       5
       2
       5
       1
       3
       4
       3
       3
       9
       4
       5
       6
      12
       9
       7
       5
       6
       5
       5
       5
       2
       2
       4
       5
       3
       3
      11
       7
       6
       1
       2
       5
       4
       5
       4
       4
       7
       8
      12
       5
       2
       5
       9
       5
       1
       4
      10
       4
       6
       6
       2
       7
       9
       3
       3
       6
       5
       4
       2
       6
       2
       7
       6
       4
       8
       6
       4
       7
       8
       5
       2
       3
       5
       4
       4
       4
       9
       6
      10
       8
       4
       7
       8
       6
       3
       4
       4
       1
       7
       6
       8
       6
       5
       5
       3
       5
       2
       7
       4
       6
       2
       4
       6
       6
       5
       3
       6
       3
       2
       4
       4
       6
       6
       6
       6
       2
       6
       5
       5
       7
       5
       1
       4
       4
       3
       5
       9
       6
       1
       2
       3
       4
       4
       6
       3
       3
       7
       2
       5
       4
       2
       6
       4
       2
       8
       3
       5
       3
       3
       4
       4
       2
       5
       4
       2
       4
       4
       6
       2
       5
       5
       2
       3
       4
       3
       4
       5
       7
       2
       7
       3
       2
       8
       6
       3
       5
       1
       2
       4
       2
       2
       0
       3
       7
       5
       3
       4
       6
       9
       1
       1
       2
       2
       5
       1
       3
       1
       6
       3
       1
       3
       2
       1
       1
       3
       6
       5
       1
       4
       5
       2
       4
       2
       3
       3
       0
       4
       0
       2
       1
       5
       0
       4
       3
       3
       2
       1
       5
       4
       2
       2
       2
       3
       5
       4
       2
       4
       4
       5
       1
       4
       3
       1
       3
       4
       4
       2
       3
       3
       2
       1
       3
       3
       2
       4
       3
       1
       5
       2
       2
       5
       5
       3
       3
       3
       6
       1
       3
       3
       1
       1
       2
       1
       3
       7
       6
       3
       3
       3
       0
       0
       5
       5
       3
       3
       3
       1
       1
       2
       1
       5
       0
       3
       2
       2
       4
       5
       2
       1
       1
       4
       3
       6
       3
       2
       2
       3
       4
       4
       1
       1
       1
       2
       3
       2
       1
       4
       1
       5
       4
       1
       3
       2
       3
       2
       4
       1
       5
       5
       1
       1
       3
       3
       5
       1
       2
       5
       4
       1
       6
       0
       3
       1
       4
       2
       0
       5
       3
       4
       6
       3
       1
       4
       4
       2
       7
       2
       3
       2
       1
       5
       2
       1
       3
       3
       4
       3
       2
       2
       3
       4
       2
       0
       4
       1
       3
       2
       0
       1
       4
       4
       3
       0
       2
       2
       5
       3
       2
       3
       4
       1
       5
       1
       2
       0
       2
       3
       2
       4
       3
       0
       0
       3
       0
       2
       2
       1
       1
       1
       3
       1
       2
       4
       1
       1
       1
       5
       6
       0
       3
       2
       4
       1
       2
       2
       2
       0
       4
       7
       3
       0
       1
       1
       2
       1
       6
       3
       3
       2
       3
       7
       1
       2
       3
       2
       1
       6
       2
       1
       1
       2
       1
       1
       0
       2
       1
       2
       7
       2
       1
       4
       2
       5
       3
       4
       0
       1
       4
       3
       2
       3
       4
       6
       0
       3
       4
       3
       1
       6
       0
       4
       0
       5
       2
       3
       2
       2
       2
       1
       2
       3
       2
       2
       0
       1
       2
       3
       7
       2
       1
       1
       2
       1
       2
       1
       4
       3
       1
       1
       5
       4
       2
       3
       0
       2
       3
       5
       0
       2
       2
       1
       3
       0
       3
       1
       0
       1
       0
       2
       4
       3
       4
       5
       1
       1
       1
       5
       0
       1
       4
       2
       3
       5
       2
       5
       3
       2
       3
       2
       3
       2
       0
       1
       2
       2
       2
       2
       2
       1
       1
       6
       1
       3
       3
       3
       2
       1
       0
       2
       1
       2
       1
       4
       0
       1
       2
       3
       3
       1
       2
       2
       1
       4
       0
       1
       6
       3
       0
       3
       1
       4
       0
       4
       0
       2
       2
       1
       4
       2
       0
       2
       2
       4
       1
       0
       3
       3
       6
       5
       2
       5
       2
       4
       2
       0
       2
       1
       1
       2
       3
       1
       3
       1
       1
       0
       6
       5
       2
       1
       1
       1
       0
       4
       2
       0
       3
       5
       2
       1
       1
       2
       2
       2
       4
       2
       0
       1
       2
       1
       1
       2
       3
       6
       1
       4
       3
       2
       3
       3
       0
       1
       0
       3
       3
       3
       2
       2
       0
       4
       2
       1
       5
       1
       0
       3
       3
       3
       1
       3
       0
       2
       4
       3
       2
       2
       8
       2
       1
       3
       1
       3
       2
       1
       1
       3
       3
       4
       3
       3
       3
       1
       3
       2
       2
       4
       5
       2
       2
       3
       4
       0
       0
       1
       3
       1
       4
       1
       3
       1
       3
       0
       1
       0
       5
       1
       2
       1
       2
       1
       2
       1
       1
       1
       1
       2
       0
       2
       1
       3
       1
       1
       8
       2
       2
       2
       2
       2
       0
       0
       0
       0
       4
       3
       3
       0
       0
       2
       2
       0
       5
       4
       1
       1
       2
       2
       1
       3
       3
       0
       1
       1
       2
       1
       0
       2
       3
       3
       2
       0
       1
       1
       4
       0
       2
       1
       4
       1
       5
       1
       4
       2
       0
       1
       4
       1
       1
       0
       1
       1
       4
       2
       2
       3
       0
       0
       4
       2
       1
       0
       0
       0
       1
       1
       1
       4
       0
       2
       3
       2
       0
       0
       2
       1
       0
       2
       0
       1
       0
       0
       3
       1
       2
       0
       3
       1
       1
       1
       3
       0
       0
       2
       1
       4
       2
       4
       1
       2
       1
       0
       2
       1
       3
       0
       2
       2
       1
       1
       4
       0
       1
       2
       5
       3
       1
       2
       4
       2
       1
       1
       1
       2
       1
       2
       4
       4
       1
       1
       0
       5
       0
       1
       3
       2
       0
       3
       0
       2
       2
       1
       5
       1
       2
       1
       1
       0
       0
       3
       2
       2
       3
       2
       2
       2
       1
       0
       2
       1
       2
       0
       4
       3
       3
       2
       1
       1
       0
       2
       2
       1
       2
       0
       4
       2
       2
       4
       0
       0
       2
       0
       1
       2
       5
       2
       1
       1
       1
       2
       1
       3
       1
       2
       2
       3
       4
       1
       4
       3
       0
       2
       2
       1
       1
       1
       1
       2
       2
       1
       4
       1
       0
       2
       2
       0
       1
       2
       1
       2
       2
       3
       2
       3
       0
       2
       1
       2
       5
       4
       2
       2
       0
       3
       3
       3
       1
       0
       2
       1
       2
       2
       2
       1
       1
       4
       2
       2
       1
       1
       1
       2
       1
       5
       2
       3
       3
       2
       0
       2
       2
       2
       0
       0
       3
       5
       1
       1
       3
       2
       1
       1
       7
       1
       4
       2
       1
       1
       1
       5
       1
       3
       2
       0
       3
       2
       2
       0
       1
       3
       3
       4
       4
       2
       3
       1
       3
       2
       2
       3
       3
       0
       3
       0
       3
       1
       3
       2
       3
       2
       4
       0
       4
       2
       6
       2
       0
       4
       1
       4
       1
       4
       3
       2
       4
       2
       2
       0
       3
       3
       6
       1
       6
       0
       5
       1
       2
       0
       3
       0
       3
       2
       0
       5
       2
       2
       2
       2
       0
       1
       6
       3
       6
       2
       3
       3
       0
       4
       1
       2
       3
       2
       0
       5
       3
       5
       0
       1
       6
       2
       4
       3
       2
       2
       4
       1
       1
       2
       0
       5
       2
       1
       3
       1
       1
       2
       2
       1
       2
       1
       3
       2
       3
       2
       0
       2
       2
       2
       2
       0
       2
       6
       3
       1
       2
       0
       3
       1
       3
       1
       2
       1
       6
       2
       1
       1
       1
       3
       3
       3
       1
       1
       3
       1
       0
       3
       2
       1
       4
       3
       3
       3
       2
       1
       0
       3
       3
       2
       2
       0
       2
       2
       2
       2
       1
       3
       1
       2
       0
       0
       1
       3
       5
       3
       1
       2
       0
       1
       1
       6
       1
       3
       2
       0
       4
       2
       3
       4
       1
       1
       2
       1
       0
       5
       3
       3
       1
       4
       4
       0
       0
       1
       0
       2
       1
       2
       3
       1
       2
       3
       3
       5
       2
       1
       2
       3
       1
       2
       3
       1
       4
       0
       3
       0
       3
       1
       2
       2
       2
       1
       3
       2
       2
       1
       2
       2
       4
       5
       1
       1
       2
       1
       4
       1
       1
       2
       3
       2
       1
       5
       3
       3
       0
       2
       2
       0
       1
       3
       2
       2
       1
       2
       3
       1
       0
       2
       2
       1
       2
       2
       4
       3
       1
       1
       3
       1
       2
       1
       0
       0
       2
       1
       4
       0
       4
       1
       3
       2
       3
       2
       2
       0
       0
       1
       4
       4
       2
       1
       4
       2
       0
       5
       2
       1
       2
       1
       1
       3
       3
       2
       1
       0
       2
       1
       3
       1
       2
       1
       0
       3
       3
       3
       0
       2
       1
       3
       2
       3
       1
       4
       1
       1
       2
       3
       0
       2
       3
       0
       3
       0
       2
       2
       2
       3
       2
       3
       2
       1
       1
       2
       1
       1
       0
       1
       3
       1
       1
       1
       1
       1
       1
       4
       2
       1
       2
       1
       1
       1
       3
       1
       0
       1
       2
       2
       2
       0
       0
       3
       0
       2
       2
       3
       3
       2
       0
       1
       2
       0
       3
       1
       2
       0
       0
       4
       0
       2
       2
       0
       1
       0
       1
       1
       0
       2
       1
       4
       1
       0
       0
       0
       1
       1
       0
       3
       0
       0
       0
       0
       1
       0
       1
       2
       2
       6
       1
       3
       2
       0
       2
       1
       1
       0
       0
       0
       0
       0
       2
       2
       2
       0
       1
       0
       3
       1
       1
       2
       1
       2
       0
       1
       1
       0
       1
       1
       2
       1
       0
       1
       1
       1
       1
       0
       2
       0
       2
       3
       2
       0
       1
       1
       0
       2
       3
       1
       2
       1
       0
       1
       0
       2
       0
       1
       1
       0
       0
       2
       2
       2
       0
       3
       1
       0
       1
       1
       1
       0
       1
       1
       1
       4
       3
       1
       1
       1
       1
       4
       1
       1
       0
       1
       3
       0
       0
       3
       0
       3
       0
       1
       0
       2
       1
       0
       3
       1
       3
       0
       2
       1
       3
       2
       0
       4
       1
       0
       1
       3
       0
       2
       1
       1
       2
       1
       1
       1
       1
       1
       0
       1
       1
       2
       1
       2
       0
       0
       1
       3
       2
       2
       1
       1
       0
       3
       0
       2
       0
       1
       2
       1
       0
       2
       0
       0
       3
       1
       1
       4
       1
       1
       1
       3
       1
       0
       1
       1
       3
       0
       0
       1
       0
       1
       2
       0
       1
       1
       1
       2
       2
       1
       2
       1
       2
       1
       2
       1
       0
       2
       0
       0
       2
       1
       0
       2
       0
       1
       0
       1
       2
       4
       1
       3
       0
       1
       3
       1
       4
       0
       2
       2
       1
       2
       2
       0
       0
       1
       3
       1
       0
       3
       0
       0
       2
       2
       2
       1
       2
       0
       0
       2
       4
       1
       1
       0
       2
       1
       4
       0
       1
       0
       1
       2
       0
       3
       2
       0
       2
       1
       1
       1
       0
       1
       1
       0
       0
       3
       1
       1
       2
       2
       1
       1
       1
       1
       4
       0
       1
       1
       1
       2
       1
       1
       4
       1
       0
       2
       2
       0
       2
       1
       1
       2
       3
       1
       3
       3
       3
       4
       2
       2
       2
       2
       2
       0
       3
       2
       0
       1
       0
       1
       0
       0
       0
       1
       2
       1
       2
       0
       2
       2
       2
       3
       1
       0
       0
       1
       0
       2
       2
       2
       1
       1
       4
       1
       1
       4
       2
       2
       2
       3
       2
       1
       3
       2
       2
       0
       1
       3
       0
       2
       1
       3
       2
       3
       3
       1
       2
       3
       6
       1
       2
       0
       1
       6
       6
       0
       2
       0
       1
       1
       1
       1
       1
       0
       2
       0
       2
       3
       0
       1
       1
       0
       2
       1
       1
       2
       2
       1
       3
       0
       1
       0
       0
       2
       1
       0
       4
       1
       1
       1
       3
       0
       1
       1
       1
       3
       0
       0
       0
       0
       4
       1
       0
       1
       0
       1
       0
       0
       1
       0
       3
       2
       3
       0
       0
       2
       1
       1
       4
       1
       1
       3
       1
       2
       0
       3
       1
       4
       4
       1
       1
       1
       1
       1
       2
       0
       3
       0
       1
       0
       7
       1
       1
       1
       2
       1
       0
       0
       1
       0
       3
       1
       3
       0
       5
       3
       1
       0
       1
       2
       0
       1
       1
       2
       2
       1
       2
       2
       0
       2
       1
       1
       1
       0
       0
       1
       1
       4
       0
       1
       0
       1
       0
       1
       1
       2
       0
       1
       2
       1
       1
       1
       0
       1
       2
       2
       1
       0
       2
       0
       2
       2
       0
       1
       3
       0
       1
       0
       0
       1
       2
       5
       1
       1
       2
       2
       2
       2
       0
       2
       4
       3
       3
       1
       0
       1
       3
       1
       0
       0
       1
       2
       0
       4
       3
       1
       0
       2
       0
       0
       0
       1
       0
       1
       3
       2
       0
       1
       1
       4
       2
       0
       1
       2
       2
       1
       0
       0
       1
       3
       3
       3
       2
       1
       1
       2
       1
       3
       3
       1
       0
       2
       0
       2
       2
       1
       0
       0
       2
       2
       0
       0
       2
       0
       2
       2
       1
       0
       3
       2
       1
       1
       2
       0
       2
       1
       1
       3
       3
       2
       1
       1
       2
       1
       3
       0
       0
       2
       0
       2
       2
       0
       2
       0
       2
       0
       0
       1
       2
       3
       1
       1
       0
       3
       1
       0
       0
       0
       0
       3
       2
       1
       0
       1
       2
       1
       2
       1
       2
       0
       2
       0
       0
       4
       0
       0
       2
       3
       0
       1
       3
       1
       1
       1
       0
       1
       1
       0
       1
       1
       0
       1
       0
       0
       0
       2
       1
       1
       2
       2
       1
       0
       3
       1
       0
       3
       0
       2
       2
       4
       1
       1
       1
       0
       1
       3
       3
       0
       1
       1
       2
       0
       1
       0
       3
       1
       1
       1
       0
       0
       1
       1
       0
       0
       1
       0
       0
       1
       0
       0
       3
       1
       1
       2
       1
       0
       0
       0
       0
       1
       2
       3
       0
       2
       0
       0
       3
       0
       3
       1
       2
       0
       1
       1
       1
       1
       0
       0
       0
       2
       0
       4
       2
       0
       2
       2
       1
       1
       2
       0
       0
       2
       0
       3
       0
       2
       1
       3
       1
       2
       2
       0
       0
       1
       1
       3
       1
       0
       0
       1
       1
       3
       0
       1
       1
       0
       1
       2
       0
       3
       1
       2
       0
       2
       1
       2
       3
       0
       1
       0
       0
       1
       1
       0
       0
       0
       1
       2
       1
       1
       1
       0
       0
       2
       2
       1
       3
       0
       1
       0
       0
       0
       0
       0
       1
       0
       0
       2
       0
       0
       1
       1
       2
       2
       2
       0
       1
       1
       0
       1
       0
       0
       0
       1
       4
       1
       0
       3
       1
       0
       1
       2
       1
       1
       1
       1
       0
       1
       0
       2
       1
       0
       1
       1
       0
       1
       0
       1
       0
       0
       1
       0
       1
       1
       0
       1
       0
       1
       1
       2
       2
       3
       0
       1
       0
       1
       0
       1
       0
       0
       0
       1
       0
       0
       0
       0
       2
       1
       1
       2
       1
       1
       0
       0
       0
       2
       3
       0
       1
       1
       1
       0
       1
       0
       1
       1
       1
       0
       1
       0
       2
       0
       0
       1
       1
       0
       0
       1
       0
       1
       1
       1
       1
       0
       1
       0
       1
       1
       2
       0
       1
       0
       0
       0
       1
       1
       0
       0
       0
       0
       0
       0
       1
       1
       0
       0
       0
       0
       2
       1
       0
       0
       2
       2
       0
       0
       0
       1
       0
       1
       0
       0
       0
       0
       2
       1
       0
       1
       2
       0
       0
       0
       1
       0
       1
       4
       2
       1
       0
       1
       1
       0
       0
       1
       0
       0
       0
       1
       2
       0
       0
       1
       0
       1
       0
       1
       1
       1
       0
       0
       1
       0
       1
       0
       0
       0
       1
       1
       0
       1
       0
       0
       1
       2
       2
       0
       0
       1
       3
       0
       1
       1
       1
       1
       1
       1
       0
       0
       1
       1
       0
       0
       0
       2
       0
       0
       0
       0
       1
       0
       0
       0
       0
       0
       0
       0
       2
       0
       0
       1
       1
       2
       0
       0
       0
       1
       0
       1
       0
       1
       0
       1
       0
       1
       0
       1
       0
       0
       0
       0
       1
       0
       1
       1
       1
       0
       1
       1
       0
       0
       2
       1
       1
       1
       0
       0
       1
       0
       3
       0
       2
       0
       2
       0
       1
       1
       0
       1
       1
       0
       0
       0
       0
       0
       0
       0
       0
       0
       0
       1
       1
       1
       0
       1
       1
       0
       0
       0
       1
       1
       2
       0
       2
       0
       1
       1
       0
       0
       1
       1
       0
       1
       0
       0
       0
       0
       0
       0
       1
       0
       0
       0
       0
       0
       1
       0
       1
       0
       1
       2
       0
       1
       0
       0
       1
       0
       0
       1
       1
       2
       1
       1
       0
       0
       2
       1
       0
       2
       1
       0
       1
       1
       0
       1
       1
       0
       0
       0
       0
       0
       0
       2
       2
       1
       0
       0
       1
       0
       0
       1
       1
       0
       0
       0
       1
       2
       1
       0
       0
       3
       3
       0
       0
       2
       0
       0
       0
       1
       0
       2
       0
       0
       0
       0
       2
       0
       1
       0
       0
       3
       1
       0
       0
       0
       1
       0
       2
       0
       2
       1
       3
       0
       1
       0
       2
       0
       1
       0
       2
       1
       1
       0
       1
       1
       0
       0
       1
       0
       0
       0
       1
       0
       0
       0
       1
       0
       0
       0
       1
       1
       1
       3
       0
       0
       1
       0
       2
       0
       2
       1
       1
       1
       0
       0
       2
       0
       0
       0
       1
       0
       1
       1
       1
       2
       1
       0
       0
       2
       2
       3
       5
       1
       1
       0
       1
       1
       0
       2
       3
       2
       0
       2
       1
       2
       1
       0
       0
       2
       2
       1
       0
       1
       0
       0
       0
       0
       2
       1
       1
       0
       0
       1
       1
       0
       0
       0
       1
       1
       0
       1
       2
       2
       1
       2
       2
       0
       1
       0
       2
       1
       2
       1
       0
       2
       0
       0
       2
       2
       1
       1
       6
       1
       3
       3
       2
       2
       3
       5
       0
       2
       1
       2
       2
       0
       1
       2
       0
       1
       3
       1
       0
       2
       1
       3
       2
       0
       1
       2
       2
       1
       3
       3
       3
       2
       2
       2
       0
       2
       2
       2
       1
       0
       0
       5
       0
       4
       1
       3
       3
       2
       2
       2
       1
       4
       1
       3
       2
       1
       2
       1
       2
       0
       1
       2
       1
       3
       3
       1
       2
       3
       0
       5
       0
       2
       1
       5
       6
       3
       2
       1
       3
       1
       0
       3
       6
       3
       5
       3
       4
       4
       1
       1
       2
       1
       1
       2
       2
       6
       2
       3
       1
       2
       2
       4
       3
       5
       0
       5
       3
       2
       1
       2
       1
       3
       3
       0
       1
       2
       3
       2
       0
       2
       4
       1
       1
       1
       1
       3
       4
       2
       2
       2
       2
       3
       4
       0
       3
       2
       1
       6
       3
       2
       2
       2
       2
       3
       0
       0
       2
       2
       3
       1
       2
       1
       3
       3
       4
       3
       2
       3
       1
       3
       0
       2
       3
       3
       3
       4
       2
       1
       1
       0
       3
       0
       3
       3
       1
       2
       1
       5
       0
       2
       1
       2
       4
       6
       1
       1
       1
       4
       2
       1
       4
       2
       2
       2
       1
       2
       2
       3
       2
       1
       0
       2
       3
       0
       2
       2
       1
       0
       1
       0
       3
       2
       1
       1
       2
       1
       0
       1
       1
       0
       0
       0
       2
       2
       2
       0
       4
       0
       1
       2
       0
       2
       0
       1
       1
       2
       1
       1
       1
       1
       0
       1
       2
       2
       0
       0
       1
       4
       1
       2
       2
       1
       4
       1
       1
       0
       0
       0
       1
       2
       1
       0
       2
       1
       1
       1
       0
       0
       2
       0
       1
       0
       1
       0
       1
       1
       1
       0
       0
       1
       0
       2
       1
       1
       0
       2
       0
       1
       0
       3
       0
       2
       0
       3
       0
       0
       1
       1
       1
       1
       0
       0
       0
       1
       1
       0
       1
       0
       1
       0
       0
       1
       1
       1
       1
       1
       1
       0
       1
       0
       0
       1
       0
       0
       1
       0
       1
       1
       0
       2
       0
       0
       2
       0
       0
       1
       2
       0
       2
       1
       0
       0
       0
       0
       0
       0
       2
       1
       0
       0
       0
       1
       0
       0
       0
       1
       0
       1
       0
       0
       0
       2
       0
       0
       1
       0
       0
       0
       1
       1
       1
       0
       0
       0
       0
       0
       0
       1
       0
       0
       0
       1
       0
       2
       0
       1
       0
       0
       0
       0
       0
       1
       1
       0
       0
       1
       0
       1
       1
       2
       0
       1
       0
       0
       0
       0
       0
       0
       0
       1
       1
       0
       1
       0
       0
       0
       0
       1
       0
       0
       0
       1
       1
       0
       0
       1
       0
       0
       0
       0
       0
       1
       0
       0
       0
       0
       0
       0
       0
       0
       2
       0
       1
       1
       1
       0
       1
       0
       0
       2
       0
       0
       0
       0
       1
       0
       1
       0
       0
       0
       0
       0
       0
       1
       0
       1
       1
       0
       0
       1
       0
       0
       1
       0
       1
       0
       0
       1
       0
       0
       1
       0
       0
       0
       0
       1
       0
       1
       2
       2
       1
       0
       1
       0
       1
       0
       0
       1
       0
       0
       1
       1
       1
       0
       0
       0
       0
       1
       1
       1
       1
       0
       0
       0
       0
       0
       0
       1
       1
       0
       0
       0
       0
       0
       0
       1
       0
       0
       2
       0
       0
       0
       0
       0
       0
       0
       0
       0
       0
       0
       0
       0
       0
       0
       0
       0
       1
       0
       0
       1
       0
       2
       1
       0
       0
       0
       1
       0
       1
       0
       0
       0
       1
       1
       0
       1
       0
       0
       1
       1
       0
       0
       1
       1
       1
       0
       0
       0
       0
       0
       0
       0
       0
       0
       2
       0
       0
       0
       0
       0
       0
       0
       0
       0
       0
       0
       0
       0
       1
       0
       1
       1
       1
       0
       2
       2
       1
       0
       0
       1
       2
       0
       0
       0
       1
       0
       0
       0
       0
       0
       1
       1
       0
       0
       1
       1
       1
       0
       0
       0
       0
       0
       0
       0
       1
       0
       0
       0
       0
       0
       0
       1
       0
       1
       1
       0
       0
       1
       0
       1
       0
       0
       0
       0
       0
       0
       0
       0
       0
       0
       0
       1
       0
       2
       1
       0
       1
       0
       0
       0
       0
       1
       0
       0
       0
       0
       0
       0
       0
       0
       0
       0
       0
       0
       1
       0
       0
       0
       0
       0
       0
       0
       0
       0
       0
       0
       1
       0
       0
       0
       0
       0
       0
       0
       0
       0
       0
       0
       0
       1
       1
       1
       1
       0
       0
       1
       0
       0
       0
       1
       0
       0
       0
       0
       0
       0
       1
       0
       0
       0
       0
       0
       0
       0
       0
       1
       0
       0
       0
       0
       1
       0
       0
       0
       1
       0
       0
       0
       1
       1
       0
       0
       0
       0
       0
       0
       1
       0
       0
       0
       1
       0
       0
       0
       1
       0
       0
       0
       0
       0
       1
       0
       0
       0
       0
       0
       0
       0
       1
       0
       0
       1
       0
       0
       1
       0
       0
       0
       1
       0
       1
       2
       0
       1
       0
       0
       0
       0
       0
       0
       1
       0
       0
       0
       0
       0
       1
       0
       0
       0
       0
       1
       0
       0
       1
       0
       0
       0
       0
       1
       0
       1
       1
       0
       0
       0
       1
       1
       0
       0
       0
       0
       0
       0
       0
       0
       0
       0
       0
       0
       1
       0
       0
       0
       0
       0
       0
       0
       0
       1
       0
       0
       0
       1
       1
       0
       1
       0
       1
       0
       0
       1
       0
       0
       0
       1
       3
       0
       0
       0
       1
       0
       0
       0
       0
       0
       1
       0
       0
       0
       0
       0
       0
       0
       0
       0
       0
       1
       1
       0
       0
       0
       0
       1
       0
       0
       0
       0
       0
       1
       0
       1
       1
       0
       0
       0
       0
       0
       0
       0
       0
       2
       0
       1
       0
       0
       0
       0
       2
       0
       0
       0
       0
       1
       0
       0
       1
       0
       1
       1
       1
       1
       1
       1
       0
       0
       0
       1
       1
       0
       0
       0
       0
       0
       0
       0
       0
       0
       0
       2
       0
       0
       0
       0
       0
       0
       1
       0
       0
       1
       0
       0
       0
       0
       0
       0
       0
       1
       0
       0
       1
       0
       0
       0
       0
       1
       0
       1
       0
       0
       0
       0
       0
       2
       0
       0
       0
       0
       2
       0
       0
       0
       0
       0
       0
       0
       0
       0
       0
       0
       0
       0
       0
       0
       0
       0
       0
       0
       0
       0
       0
       0
       0
       0
       1
       0
       0
       0
       0
       0
       0
       0
       1
       0
       0
       0
       0
       0
       0
       0
       1
       0
       0
       0
       1
       1
       0
       0
       1
       0
       0
       0
       0
       2
       0
       0
       0
       0
       0
       0
       0
       0
       1
       0
       1
       3
       0
       0
       0
       0
       0
       0
       0
       0
       1
       1
       0
       0
       0
       0
       1
       0
       2
       0
       0
       0
       0
       0
       0
       2
       0
       1
       0
       0
       0
       0
       0
       0
       0
       0
       0
       0
       0
       1
       0
       0
       2
       0
       0
       1
       0
       0
       0
       0
       1
       0
       1
       1
       1
       0
       1
       0
       0
       0
       0
       0
       0
       0
       1
       0
       0
       0
       0
       0
       0
       0
       1
       1
       0
       0
       0
       1
       0
       0
       0
       0
       0
       0
       0
       1
       1
       0
       0
       0
       0
       1
       1
       0
       0
       0
       0
       0
       2
       0
       0
       0
       1
       0
       0
       0
       0
       1
       1
       0
       1
       0
       0
       0
       0
       0
       0
       0
       2
       0
       2
       0
       0
       0
       0
       0
       0
       0
       0
       1
       0
       1
       0
       0
       0
       0
       0
       0
       0
       0
       0
       1
       0
       0
       0
       0
       1
       0
       0
       0
       0
       0
       0
       0
       0
       0
       0
       1
       0
       0
       0
       1
       0
       0
       0
       0
       0
       2
       0
       0
       0
       0
       0
       0
       1
       1
       1
       0
       1
       0
       0
       0
       0
       1
       2
       0
       0
       0
       0
       1
       0
       0
       0
       0
       0
       1
       0
       0
       0
       0
       0
       0
       1
       0
       0
       0
       0
       1
       0
       0
       0
       0
       1
       0
       1
       0
       0
       0
       0
       0
       0
       0
       0
       1
       1
       1
       0
       0
       0
       0
       1
       0
       0
       1
       0
       0
       0
       0
       0
       4
       0
       0
       1
       0
       1
       0
       0
       2
       0
       0
       0
       0
       0
       0
       0
       0
       0
       0
       1
       0
       0
       0
       0
       0
       0
       0
       0
       0
       0
       0
       0
       0
       0
       0
       0
       0
       0
       0
       0
       1
       0
       0
       0
       0
       0
       0
       0
       0
       0
       0
       1
       0
       0
       0
       0
       1
       0
       0
       0
       0
       1
       0
       0
       1
       0
       0
       0
       1
       0
       0
       1
       0
       0
       0
       0
       0
       0
       0
       0
       0
       0
       0
       0
       0
       0
       0
       0
       0
       0
       0
       0
       0
       0
       0
       1
       0
       1
       0
       0
       0
       0
       0
       0
       0
       0
       0
       1
       1
       0
       0
       0
       0
       0
       0
       0
       0
       0
       1
       0
       0
       0
       0
       1
       1
       0
       0
       0
       0
       0
       1
       0
       0
       0
       0
       0
       0
       0
       2
       0
       0
       0
       0
       0
       0
       0
       0
       0
       0
       0
       0
       0
       1
       1
       0
       0
       1
       0
       0
       0
       0
       1
       1
       0
       0
       0
       0
       0
       0
       0
       0
       0
       0
       2
       1
       0
       0
       1
       0
       0
       2
       0
       0
       0
       0
       0
       1
       0
       0
       0
       1
       1
       0
       1
       0
       0
       0
       0
       0
       1
       0
       0
       0
       0
       0
       0
       0
       0
       1
       0
       0
       0
       0
       1
       0
       0
       0
       1
       0
       0
       0
       0
       0
       0
       0
       0
       0
       0
       0
       0
       0
       1
       0
       0
       0
       0
       0
       0
       0
       0
       0
       0
       1
       0
       0
       1
       0
       2
       0
       0
       0
       0
       1
       0
       0
       0
       0
       0
       1
       0
       0
       0
       0
       0
       0
       0
       1
       0
       0
       0
       0
       0
       0
       0
       0
       1
       0
       1
       0
       1
       0
       0
       0
       0
       1
       0
       0
       1
       0
       0
       0
       1
       1
       0
       0
       0
       0
       1
       1
       0
       1
       0
       0
       1
       1
       0
       0
       0
       0
       0
       0
       0
       0
       0
       0
       0
       0
       1
       1
       1
       0
       0
       0
       0
       0
       0
       0
       0
       0
       0
       0
       0
       1
       0
       0
       0
       0
       0
       1
       0
       0
       0
       1
       0
       0
       0
       0
       0
       0
       0
       0
       0
       0
       0
       0
       1
       0
       1
       0
       0
       0
       0
       1
       0
       0
       0
       0
       0
       0
       0
       0
       0
       1
       0
       1
       0
       1
       0
       0
       0
       0
       0
       1
       0
       0
       0
       0
       0
       1
       0
       0
       0
       0
       0
       0
       1
       0
       0
       0
       0
       0
       0
       1
       0
       0
       0
       0
       0
       0
       1
       0
       0
       0
       0
       0
       0
       0
       0
       1
       0
       0
       0
       0
       0
       0
       0
       0
       1
       0
       0
       1
       0
       0
       0
       0
       0
       0
       0
       0
       0
       0
       0
       0
       0
       0
       0
       0
       1
       0
       0
       0
       1
       0
       1
       1
       1
       0
       0
       0
       0
       0
       0
       0
       0
       0
       0
       0
       0
       0
       0
       0
       1
       0
       0
       1
       0
       0
       0
       0
       0
       0
       1
       0
       0
       1
       0
       0
       0
       0
       0
       0
       0
       0
       0
       0
       1
       0
       0
       0
       1
       0
       0
       0
       0
       0
       0
       0
       0
       0
       0
       0
       0
       1
       0
       0
       1
       0
       0
       0
       0
       0
       0
       0
       0
       0
       0
       0
       1
       0
       0
       2
       0
       0
       1
       0
       0
       0
       0
       0
       0
       1
       0
       0
       0
       0
       1
       0
       1
       0
       0
       0
       0
       0
       0
       0
       0
       0
       0
       0
       0
       0
       0
       0
       0
       0
       1
       0
       0
       0
       0
       0
       0
       0
       0
       1
       0
       1
       0
       0
       0
       0
       0
       2
       0
       0
       0
       0
       0
       0
       0
       0
       0
       0
       0
       0
       0
       1
       0
       0
       0
       0
       0
       0
       0
       1
       0
       0
       0
       0
       0
       0
       0
       1
       0
       0
       0
       0
       0
       0
       0
       0
       0
       0
       0
       0
       0
       0
       0
       0
       0
       0
       0
       0
       0
       0
       0
       1
       0
       1
       0
       0
       0
       0
       1
       0
       0
       1
       0
       0
       0
       0
       0
       0
       0
       0
       0
       0
       0
       0
       0
       0
       0
       0
       1
       0
       0
       0
       1
       0
       0
       0
       0
       0
       0
       0
       0
       0
       0
       0
       0
       0
       0
       0
       0
       0
       0
       0
       1
       0
       1
       1
       0
       0
       0
       0
       0
       0
       0
       0
       0
       0
       0
       0
       1
       0
       0
       0
       0
       0
       0
       0
       0
       0
       0
       0
       0
       1
       1
       0
       0
       0
       0
       0
       0
       1
       0
       0
       0
       1
       0
       0
       1
       0
       1
       0
       0
       0
       0
       0
       0
       0
       0
       0
       0
       0
       0
       0
       0
       0
       0
       0
       1
       0
       1
       0
       0
       0
       0
       0
       1
       0
       0
       0
       0
       0
       0
       0
       2
       2
       0
       0
       0
       1
       0
       0
       0
       0
       0
       0
       0
       0
       0
       0
       0
       0
       0
       0
       0
       1
       0
       1
       0
       0
       1
       0
       0
       0
       0
       0
       0
       1
       0
       0
       0
       0
       1
       0
       0
       0
       0
       0
       0
       1
       0
       0
       0
       1
       1
       0
       0
       0
       0
       0
       0
       0
       0
       0
       1
       0
       0
       0
       0
       1
       1
       0
       0
       0
       0
       0
       0
       0
       0
       0
       0
       0
       0
       0
       0
       0
       0
       0
       1
       0
       0
       1
       0
       0
       0
       2
       0
       1
       0
       0
       0
       0
       0
       0
       0
       0
       0
       0
       0
       0
       0
       0
       0
       0
       1
       0
       0
       0
       0
       0
       0
       2
       1
       0
       0
       0
       0
       0
       0
       0
       0
       0
       1
       0
       0
       1
       0
       0
       0
       1
       0
       1
       0
       0
       1
       1
       0
       0
       0
       0
       1
       0
       0
       0
       0
       0
       0
       1
       0
       0
       0
       0
       0
       0
       0
       0
       0
       0
       0
       0
       0
       0
       0
       0
       0
       0
       0
       0
       0
       0
       0
       0
       0
       0
       0
       0
       1
       0
       0
       0
       1
       2
       1
       0
       0
       0
       0
       1
       1
       0
       0
       0
       0
       0
       0
       0
       0
       1
       0
       1
       2
       0
       0
       0
       0
       1
       0
       0
       0
       2
       0
       1
       0
       0
       0
       0
       0
       0
       0
       0
       0
       0
       1
       0
       0
       0
       0
       0
       1
       0
       1
       0
       0
       0
       0
       1
       0
       0
       0
       0
       0
       1
       0
       0
       0
       0
       0
       0
       0
       1
       2
       0
       0
       0
       0
       1
       0
       0
       0
       0
       0
       0
       0
       0
       0
       0
       0
       0
       0
       0
       0
       0
       0
       0
       0
       0
       0
       0
       0
       0
       0
       1
       0
       0
       1
       0
       0
       1
       0
       0
       0
       0
       0
       0
       0
       0
       0
       0
       0
       0
       1
       0
       0
       0
       0
       0
       0
       0
       0
       0
       0
       0
       0
       0
       0
       0
       0
       0
       0
       0
       1
       0
       0
       0
       0
       1
       1
       0
       0
       0
       0
       0
       0
       1
       0
       0
       0
       0
       0
       0
       0
       0
       0
       0
       1
       0
       0
       1
       0
       0
       0
       0
       0
       0
       0
       0
       0
       0
       0
       1
       1
       0
       0
       0
       0
       0
       0
       0
       0
       1
       0
       0
       0
       0
       0
       1
       0
       0
       1
       1
       0
       0
       0
       0
       0
       0
       1
       0
       0
       0
       0
       0
       0
       0
       0
       0
       0
       0
       0
       0
       0
       0
       0
       0
       0
       0
       0
       0
       0
       1
       0
       0
       1
       0
       0
       0
       1
       0
       0
       0
       0
       0
       0
       0
       1
       0
       2
       0
       0
       0
       0
       0
       2
       0
       1
       0
       0
       0
       0
       0
       0
       0
       1
       1
       0
       1
       0
       0
       0
       0
       0
       0
       0
       0
       0
       1
       1
       0
       1
       0
       1
       0
       0
       0
       0
       0
       0
       0
       0
       0
       0
       0
       0
       1
       0
       0
       2
       0
       0
       0
       1
       0
       0
       0
       0
       1
       0
       0
       0
       0
       0
       1
       0
       0
       0
       0
       1
       0
       0
       0
       0
       0
       0
       0
       2
       0
       0
       0
       0
       1
       0
       0
       0
       0
       0
       0
       0
       0
       1
       0
       0
       0
       0
       0
       0
       0
       0
       0
       0
       0
       0
       0
       0
       0
       1
       1
       0
       1
       0
       1
       0
       0
       0
       0
       1
       0
       1
       0
       0
       0
       1
       1
       0
       0
       0
       0
       2
       0
       0
       0
       0
       0
       0
       1
       0
       0
       0
       0
       0
       0
       0
       0
       0
       0
       0
       0
       0
       0
       0
       1
       1
       0
       1
       0
       0
       1
       0
       0
       0
       0
       0
       1
       0
       0
       1
       0
       0
       0
       1
       1
       0
       0
       0
       1
       0
       0
       0
       0
       0
       0
       0
       0
       0
       1
       0
       0
       0
       0
       0
       0
       0
       0
       0
       0
       0
       0
       0
       0
       0
       0
       0
       0
       0
       1
       0
       0
       1
       0
       0
       0
       0
       0
       0
       0
       1
       0
       0
       0
       0
       0
       0
       0
       0
       0
       0
       0
       0
       0
       0
       0
       0
       0
       1
       0
       0
       0
       0
       0
       0
       0
       0
       0
       0
       0
       0
       1
       0
       0
       0
       0
       0
       2
       1
       1
       0
       2
       0
       0
       0
       1
       0
       0
       0
       0
       1
       2
       2
       0
       0
       0
       0
       0
       0
       0
       0
       0
       0
       0
       0
       0
       0
       0
       0
       0
       0
       0
       0
       1
       0
       0
       0
       1
       0
       0
       1
       0
       1
       0
       1
       0
       0
       0
       0
       1
       0
       0
       1
       0
       0
       0
       0
       1
       0
       0
       1
       0
       1
       0
       0
       0
       0
       0
       0
       1
       0
       0
       0
       0
       0
       1
       1
       0
       0
       0
       1
       0
       0
       1
       0
       0
       1
       0
       0
       0
       0
       0
       0
       0
       0
       1
       0
       1
       0
       0
       0
       0
       0
       0
       0
       0
       0
       1
       0
       1
       0
       2
       0
       0
       0
       1
       0
       1
       1
       0
       1
       0
       1
       1
       1
       0
       1
       0
       0
       0
       0
       5
       1
       0
       1
       1
       6
       1
       1
       4
       2
       1
       3
       1
       1
       7
       5
       4
       4
       4
       7
       8
       5
       4
       3
       3
       1
       3
       2
       1
       1
       3
       4
       1
       1
       1
       1
       5
       0
       1
       2
       2
       0
       1
       0
       2
       0
       1
       1
       1
       0
       1
       0
       0
       0
       0
       0
       1
       0
       0
       0
       0
       0
       1
       0
       0
       0
       0
       0
       0
       0
       0
       0
       0
       0
       0
       0
       0
       0
       1
       0
       0
       0
       0
       0
       0
       0
       0
       0
       0
       0
       0
       0
       0
       0
       0
       0
       0
       0
       0
       0
       1
       0
       0
       0
       0
       0
       0
       1
       0
       0
       0
       0
       0
       0
       0
       1
       1
       0
       0
       0
       0
       0
       0
       0
       0
       0
       0
       2
       0
       0
       1
       1
       0
       0
       0
       0
       0
       0
       1
       0
       1
       0
       0
       0
       2
       0
       1
       2
       2
       1
       1
       2
       4
       2
       4
       2
       4
       2
       4
       9
       3
       1
       7
       9
       7
      15
      16
      38
      39
       7
       2
       0
       0
       0
       0
       0
       0
       0
       0
       0
       0
       0
       0
       0
       0
       0
       0
       0
       0
       0
       0
       0
       0
       0
       0
       0
       0
       0
       0
       0
       0
       0
       0
       0
       0
       0
       0
       0
       0
       0
       0
       0
       0
       0
       0
       0
       0
       0
       0
       0
       0
       0
       0
       0
       0
       0
       0
       0
       0
       0
       0
       0
       0
       0
       0
       0
       0
       0
       0
       0
       0
       0
       0
       0
       0
       0
       0
       0
       0
       0
       0
       0
       0
       0
       0
       0
       0
       0
       0
       0
       0
       0
       0
       0
       0
       0
       0
       0
       0
       0
       0
       0
       0
       0
       0
       0
       0
       0
       0
       0
       0
       0
       0
       0
       0
       0
       0
       0
       0
       0
       0
       0
       0
       0
       0
       0
       0
       0
       0
       0
       0
       0
       0
       0
       0
       0
       0
       0
       0
       0
       0
       0
       0
       0
       0
       0
       0
       0
       0
       0
       0
       0
       0
       0
       0
       0
       0
       0
       0
       0
       0
       0
       0
       0
       0
       0
       0
       0
       0
       0
       0
       0
       0
       0
       0
       0
       0
       0
       0
       0
       0
       0
       0
       0
       0
       0
       0
       0
       0
       0
       0
       0
       0
       0
       0
       0
       0
       0
       0
       0
       0
       0
       0
       0
       0
       0
       0
       0
       0
       0
       0
       0
       0
       0
       0
       0
       0
       0
       0
       0
       0
       0
       0
       0
       0
       0
       0
       0
       0
       0
       0
       0
       0
       0
       0
       0
       0
       0
       0
       0
       0
       0
       0
       0
       0
       0
       0
       0
       0
       0
       0
       0
       0
       0
       0
       0
       1
       0
       0
       0
       0
       0
       0
       0
       0
       0
       0
       0
       0
       0
       0
       0
       0
       0
       0
       0
       0
       0
       0
       0
       0
$ROI:
4
78 145
163 286
2054 2059
2094 2590
$PRESETS:
Live Time
3600
0
$ENER_FIT:
-2.564146 5.859323
$MCA_CAL:
3
-2.564146E+000 5.859323E+000 2.989855E-004 keV
$SHAPE_CAL:
3
1.469019E+001 -5.192660E-002 5.111356E-005
