$SPEC_ID:
No sample description was entered.
$SPEC_REM:
DET# 1
DETDESC# DESKTOP-PA1F0GF MCB 337
AP# Maestro Version 7.01
$DATE_MEA:
04/14/2026 12:14:27
$MEAS_TIM:
392 396
$DATA:
0 8191
       0
       0
       0
       0
       0
       0
       0
       0
       0
       0
       0
       0
       0
       0
       0
       0
       0
       0
       0
       0
       0
       0
       0
       0
       0
       0
       0
       0
       0
       0
       0
       0
       0
       0
       0
       0
       0
       0
       0
       0
       0
       0
       0
       0
       0
       0
       0
       0
       0
       0
       0
       0
       0
       0
       0
       0
       0
       0
       0
       0
       0
       0
       0
       0
       0
       0
       0
       0
       0
       0
       0
       0
       0
       0
       0
       0
       0
       0
       0
       1
       5
       7
       8
      17
      33
      47
      57
      64
      70
     106
      83
     111
     128
     145
     140
     173
     166
     199
     223
     260
     266
     331
     401
     479
     539
     647
     781
     883
    1054
    1239
    1481
    1712
    1925
    2284
    2579
    3009
    3398
    3669
    4017
    4480
    4628
    4869
    5149
    5136
    5077
    4972
    4994
    4697
    4527
    4154
    3887
    3649
    3359
    2901
    2688
    2366
    2123
    1954
    1722
    1585
    1399
    1266
    1096
    1019
     933
     814
     742
     632
     523
     497
     428
     366
     319
     295
     236
     207
     190
     179
     136
     130
     115
     113
     108
     119
     109
      88
     113
     110
     111
     101
     111
     112
     126
     131
     127
     118
     118
     117
     126
     125
     157
     134
     128
     160
     138
     152
     151
     180
     172
     169
     201
     221
     184
     222
     224
     206
     204
     224
     238
     213
     221
     222
     260
     239
     233
     260
     254
     245
     248
     245
     258
     255
     279
     241
     236
     205
     257
     221
     215
     211
     196
     224
     211
     203
     212
     185
     212
     187
     228
     183
     225
     214
     189
     183
     223
     198
     218
     228
     230
     232
     239
     213
     246
     218
     267
     266
     269
     290
     283
     283
     299
     291
     291
     279
     295
     347
     269
     281
     300
     278
     288
     290
     305
     285
     309
     293
     289
     302
     313
     259
     309
     306
     325
     295
     335
     303
     314
     293
     324
     329
     289
     316
     348
     360
     368
     382
     402
     397
     425
     425
     465
     511
     492
     603
     564
     609
     660
     690
     694
     838
     816
     884
     951
     968
     999
    1075
    1116
    1179
    1186
    1242
    1252
    1262
    1323
    1373
    1286
    1365
    1266
    1313
    1249
    1252
    1174
    1207
    1115
    1107
    1021
     968
     941
     876
     863
     805
     716
     670
     608
     555
     500
     454
     450
     390
     363
     342
     315
     278
     285
     256
     256
     238
     223
     194
     187
     203
     195
     173
     176
     176
     178
     167
     173
     187
     169
     175
     163
     152
     170
     189
     177
     153
     143
     184
     153
     170
     156
     160
     171
     140
     197
     176
     168
     174
     168
     165
     189
     173
     168
     145
     150
     164
     156
     179
     148
     145
     177
     179
     173
     173
     182
     184
     142
     176
     148
     192
     164
     168
     178
     185
     155
     140
     183
     167
     166
     156
     186
     167
     183
     175
     155
     170
     156
     161
     207
     173
     181
     160
     176
     164
     158
     201
     176
     174
     192
     188
     187
     189
     164
     174
     179
     194
     193
     175
     185
     188
     169
     173
     210
     183
     150
     164
     190
     164
     180
     212
     178
     176
     160
     158
     155
     167
     173
     145
     182
     158
     169
     160
     168
     164
     169
     156
     174
     183
     183
     159
     158
     154
     161
     156
     152
     185
     162
     174
     153
     160
     166
     161
     163
     157
     148
     167
     186
     182
     168
     159
     143
     174
     168
     173
     167
     163
     140
     181
     156
     148
     178
     139
     172
     171
     175
     159
     170
     143
     170
     169
     177
     155
     170
     148
     164
     196
     149
     171
     146
     183
     154
     155
     183
     162
     183
     171
     164
     175
     163
     145
     163
     164
     184
     164
     181
     160
     154
     165
     196
     165
     192
     160
     171
     150
     194
     165
     200
     168
     172
     190
     181
     193
     151
     157
     164
     194
     174
     198
     196
     163
     154
     184
     177
     181
     201
     204
     190
     200
     180
     157
     198
     153
     176
     190
     196
     176
     211
     177
     184
     196
     172
     197
     198
     206
     180
     182
     168
     189
     171
     170
     193
     174
     183
     156
     176
     184
     170
     160
     185
     165
     155
     171
     163
     154
     193
     176
     165
     168
     162
     142
     165
     194
     157
     172
     157
     149
     180
     153
     157
     160
     153
     167
     159
     163
     152
     164
     152
     154
     165
     141
     147
     152
     139
     160
     144
     134
     128
     132
     125
     150
     155
     144
     139
     142
     143
     157
     152
     154
     138
     133
     157
     138
     140
     154
     154
     143
     141
     142
     136
     140
     142
     115
     125
     135
     124
     144
     143
     110
     140
     127
     141
     158
     133
     126
     132
     125
     131
     132
     116
     136
     124
     125
     138
     144
     117
     136
     124
     132
     118
     105
     118
     143
     129
     108
     153
     120
     138
     125
     121
     106
     117
     117
     118
     119
      96
     117
     122
     108
     121
     114
     115
     115
     118
     124
      93
     127
     122
     124
     125
     109
     101
     128
     109
     122
     105
     112
     122
     114
      98
     122
     120
     112
      89
      99
     105
     103
     110
      93
     110
     100
     107
     104
     110
     108
     116
      90
     115
     114
     103
     113
     103
     110
     108
      98
     112
      95
     118
     140
      94
     103
      92
     102
      80
      90
     103
     116
     103
      94
      80
      80
      82
      81
      76
      77
      96
      94
     108
     106
      87
      91
      97
      94
      96
      92
      77
      98
      98
     105
     105
     103
      89
      84
      91
      84
      89
      86
      89
     105
      74
      85
     100
      95
      92
      86
      83
      87
      70
     106
      92
      94
      99
      76
      86
     102
      76
      92
      80
      81
      99
      81
      82
      74
      75
     103
     101
      90
      77
      75
      81
      77
      88
      91
      84
      94
      75
      90
      89
     101
      85
      83
      90
      80
     106
      83
      97
      80
      78
      85
      95
      78
      82
      85
      80
      77
      61
     101
      71
      78
      98
      89
      80
      67
      87
      88
      73
      86
      61
      78
      93
      76
      71
      71
      76
      75
      65
      90
      71
      69
      72
      80
      85
      83
      78
      78
      71
      70
      85
      63
      72
      90
      65
      81
      68
      62
      63
      69
      52
      67
      74
      80
      83
      70
      78
      57
      76
      64
      58
      77
      63
      72
      83
      69
      62
      65
      64
      54
      70
      51
      66
      71
      66
      70
      71
      67
      59
      71
      59
      79
      82
      78
      71
      54
      82
      62
      66
      77
      69
      66
      62
      76
      73
      80
      84
      89
      72
      79
      75
      76
      76
      76
      71
      87
      84
     101
      85
      95
      75
      93
      83
      94
      77
      99
      85
      80
      97
      94
      91
      95
     119
      93
     101
      98
      82
     103
     100
     117
     100
     108
     117
     116
      99
      97
     108
     107
     110
      99
     103
     117
     107
     101
     118
     127
     107
      97
     111
     104
     118
     106
     104
     118
     143
     122
     111
     113
     104
     122
     116
     126
     127
     108
     107
     109
     104
     111
      90
      92
     118
     116
     110
     100
     129
     119
     117
     122
     130
     133
     131
     108
     107
     151
     127
     115
     125
     134
     140
     133
     140
     113
     137
     145
     138
     127
     124
     126
     129
     146
     145
     140
     142
     118
     127
     147
     135
     157
     164
     159
     166
     130
     165
     168
     179
     151
     159
     144
     160
     169
     172
     156
     140
     173
     181
     185
     189
     169
     162
     177
     160
     168
     155
     167
     163
     178
     182
     160
     162
     169
     163
     166
     185
     169
     187
     168
     172
     165
     163
     188
     140
     167
     153
     149
     161
     168
     175
     166
     171
     142
     154
     172
     160
     141
     128
     167
     142
     151
     125
     150
     162
     129
     146
     111
     125
     129
     127
     110
     110
     112
     113
     106
     121
     111
     114
      99
     102
      98
      97
     106
     105
     101
      89
     111
      89
      96
      89
      76
      84
      73
      91
      80
      78
      68
      91
      88
      75
      75
      64
      67
      69
      63
      57
      71
      66
      55
      60
      66
      66
      80
      45
      68
      54
      59
      62
      65
      72
      59
      55
      74
      67
      74
      67
      67
      84
      77
      71
      86
      79
      75
      87
      99
      81
      98
     111
      82
      86
     105
     113
     105
     100
     106
     122
     125
     129
     116
     119
     122
     133
     151
     132
     141
     152
     154
     152
     151
     147
     187
     186
     187
     173
     207
     193
     199
     219
     214
     210
     216
     232
     203
     231
     208
     255
     266
     250
     267
     264
     224
     293
     273
     290
     266
     245
     284
     261
     294
     269
     304
     315
     303
     332
     304
     319
     297
     344
     340
     334
     315
     339
     327
     355
     335
     366
     372
     334
     360
     338
     363
     344
     376
     360
     384
     335
     352
     352
     368
     332
     358
     370
     369
     340
     392
     341
     355
     329
     333
     337
     386
     362
     336
     343
     340
     351
     344
     334
     339
     362
     331
     334
     342
     321
     343
     308
     321
     330
     326
     321
     273
     314
     296
     298
     300
     249
     297
     269
     259
     263
     306
     263
     259
     235
     247
     247
     254
     260
     240
     232
     242
     234
     201
     218
     226
     193
     206
     205
     183
     185
     178
     198
     187
     175
     177
     184
     162
     151
     164
     134
     147
     163
     146
     149
     140
     130
     155
     132
     140
     123
     130
     116
     110
     101
     100
     111
     119
     104
     105
      96
     101
     106
     101
     118
     110
      91
      91
      91
      87
      86
      94
      92
      71
     101
      83
      80
      78
      84
      67
      70
      81
      74
      64
      66
      74
      56
      65
      71
      80
      72
      54
      70
      60
      50
      72
      54
      83
      63
      56
      62
      72
      62
      54
      48
      65
      69
      67
      48
      51
      56
      45
      56
      50
      37
      44
      54
      49
      36
      41
      51
      44
      45
      36
      51
      41
      39
      46
      44
      45
      38
      38
      39
      42
      35
      36
      29
      36
      37
      39
      27
      21
      36
      32
      33
      29
      30
      21
      28
      23
      19
      34
      20
      25
      26
      25
      22
      20
      20
      23
      20
      19
      18
      18
      21
      21
      14
      20
      20
      22
      17
      20
      20
      20
      24
      14
      11
      23
      23
      17
      19
      16
      22
      11
      18
      14
      14
      23
      19
      17
      17
      19
      16
      11
      11
      17
      18
      17
      20
      15
      14
      23
      15
      11
      16
      12
      13
      13
      21
       7
      14
      13
       8
      12
      16
      11
       8
      13
      13
      24
      10
      14
      18
      11
      14
      19
      19
      20
      14
      15
       8
      20
       8
      10
      16
      18
      10
       9
      12
      20
      15
       8
      12
      16
      11
      10
      17
      14
       8
      20
      18
      17
       7
      17
      12
      16
      23
      11
      13
      16
      17
       8
      11
       9
      19
      11
      16
      17
      10
      16
      17
      23
      15
       8
      12
      22
      13
      18
      13
      11
      17
      12
      12
      13
      16
      12
      14
      14
      11
      12
      18
      14
      20
      15
      21
      18
      10
      17
       7
      10
      12
      14
       8
       6
      14
      13
      18
      16
      12
       5
      14
      16
       9
      11
       8
      16
      12
      13
      13
      19
      17
      15
      15
      15
      13
      13
       6
       9
      12
      14
      13
      13
      15
      17
      18
      16
      12
       7
      12
      11
       8
      14
       8
       9
      14
      12
      10
      13
      10
      13
       9
       7
      10
       8
       7
      10
      13
      11
       5
       6
      10
       4
       9
      10
      10
      16
       7
       8
       8
       4
       8
       5
       6
      14
      11
      12
      15
      13
      12
      10
       8
       8
      13
      11
       8
      10
       8
      11
      13
      12
       7
       6
       7
      10
       9
       8
      15
      10
      13
      12
       5
       5
       9
       9
       6
       6
       8
       8
       8
       5
       4
       7
       8
      10
       4
       5
      11
      11
       5
       5
       3
       8
      12
       9
       6
       5
       2
       4
       7
       9
      10
       8
       5
       7
       5
       9
       5
      12
      11
       9
      10
      11
       5
       6
       7
       3
       6
      13
       4
      10
       6
       7
      11
       8
       4
      14
       9
       8
       7
       9
      10
       4
       9
      11
       6
       9
       7
      10
      10
       9
      12
       8
       6
      11
      15
      11
       8
       7
       6
       8
       7
       8
       6
       8
       8
       9
      10
       7
      16
       5
      11
       5
       9
      10
      12
       7
       2
      10
      10
       5
       5
       8
      13
      11
       7
       6
      14
      12
      13
       9
      16
       8
      12
      12
      11
       2
      10
       9
       8
       8
      11
      10
       3
       7
       8
       6
      10
      11
       7
       6
       7
       5
      10
       6
       9
      12
      10
       8
      13
       9
       9
      11
      10
       5
       9
       5
       5
       7
       8
       5
       4
       7
      11
       7
       6
       9
      10
       4
       8
       7
      11
       5
       4
       8
      12
       5
       5
       7
       6
       9
       8
       7
      10
       8
      10
       7
       8
      10
       7
       6
       9
       9
       8
       7
       9
       6
       5
       7
       9
      11
      10
       8
       5
       4
       7
       4
      11
       6
       8
       3
       9
       9
       6
       6
       8
       7
       6
       8
       7
      12
       3
       4
       5
       8
       6
       8
       5
       5
       6
       2
       4
       5
       2
       4
      13
       9
       8
       7
       5
       4
       9
       4
      13
       7
       5
       7
      13
       6
       6
       7
       4
       5
       4
       5
       5
       9
       5
       9
       9
      11
       5
       7
       8
      11
       7
       8
       4
      13
       7
       6
       3
       9
       7
       4
       5
       2
       6
       5
       4
       4
       6
       4
       5
       4
       6
       7
       5
       6
       6
       7
       3
       7
       7
       8
       7
       6
       9
       4
       3
       4
       5
       5
      10
       4
       5
      11
      15
      11
       6
       5
      13
       3
       7
       4
       4
      10
       8
       7
       6
       9
       8
       5
       6
       7
      11
       6
       4
       9
       7
      10
       9
       4
       9
       8
       7
       7
       9
      11
       6
      10
       5
       9
      10
       2
       8
       6
       6
       5
       7
       8
      10
       5
      10
      10
       8
       5
      10
       5
       9
       7
       9
      12
       9
       8
       5
       1
      11
       6
       7
       9
       7
       8
      12
       9
      11
       6
       6
       1
       9
      11
       6
       5
       6
       6
       4
      11
       9
       9
       6
       5
      10
       1
       6
       4
      12
       7
      12
       7
       7
       5
       9
       4
       4
       6
       9
       9
      11
      12
       6
      10
       7
       6
       8
       3
       6
       8
       7
       2
       3
       5
       6
       4
       2
       7
       9
       6
      12
       8
      10
       8
       6
       8
      11
      10
       9
       6
       5
      10
       4
       8
       5
       7
       6
       7
       2
       7
      15
       9
      10
       8
       9
      10
       9
       7
       6
       7
       6
       6
      13
       8
      11
       6
       7
       7
       6
       5
       9
       9
       6
      10
       6
       8
       7
       5
       4
       3
       8
      10
       5
       5
      10
       9
      11
       9
       7
      10
       5
      10
       6
       9
       8
       6
       8
       5
       7
       7
       0
       5
       4
       6
       4
       6
       4
      10
       4
       5
       5
       7
       7
       3
       4
       2
       6
       3
       2
       9
       7
       7
       9
       6
       7
       6
       4
       6
       7
       6
       8
       4
       8
       7
       5
       7
       4
       4
       7
       5
       9
       6
       5
       8
       8
       5
       5
       5
       8
      10
       5
       8
       6
       1
       6
       4
       4
       2
       6
       9
       7
       2
       4
      10
       3
       4
       5
       3
       4
       4
       1
       7
       3
      10
       5
       7
       6
       6
       5
       8
       3
       7
       7
       4
       4
       5
       3
       6
       0
       2
       1
       6
       5
       4
       6
       5
       4
       1
       4
       3
       4
       1
       2
       3
       6
       3
       5
       3
       7
       5
       4
       6
       5
       3
       4
       5
       3
       3
       3
       2
       7
       7
       2
       3
       3
       9
       4
       4
       6
       5
       3
       4
       7
       2
       7
       5
       8
       6
       6
       8
       2
       4
       4
       6
       6
       7
       4
       1
       6
       6
       9
       6
       9
       7
       7
       6
       4
       3
       3
      11
       4
       4
       1
       2
       2
       4
       9
       3
       3
       4
       5
       0
       4
      11
       9
       3
       1
       5
       3
       3
       7
       8
       5
       6
       3
       8
       4
       4
       3
       4
       4
       6
       5
       6
       5
       6
       1
       4
       6
       5
       2
       3
       1
       5
       4
       1
       4
       3
       5
       4
       4
       5
       3
       2
       8
       2
       6
       3
       5
       4
       1
       6
       9
       5
      10
       2
       6
       2
       2
       6
       1
       5
       0
       6
       6
       5
       7
       9
       4
       3
       4
       6
       3
       4
       1
       2
       5
      10
       2
       3
       6
       4
       3
       8
       4
       6
       1
       6
       1
       3
       6
       3
       6
       2
       2
       5
       3
       4
       4
       5
       2
       4
       8
       2
       4
       2
       6
       3
       5
       4
       7
       3
       9
       1
       3
       1
       3
       6
       6
       4
       3
       2
       3
       4
       1
       2
       4
       6
       3
       1
       4
       3
       2
       3
       2
       3
       5
       4
       3
       2
       5
       5
       2
       5
       3
       5
       4
       2
       6
       3
       4
       5
       1
       1
       5
       3
       5
       3
       2
       2
       7
       4
       1
       4
       2
       4
       1
       5
       0
       1
       3
       8
       3
       4
       1
       9
       3
       7
       4
       2
       4
       3
       4
       4
       3
       8
       4
       4
       9
       4
       5
       1
       2
       6
       0
       1
       3
       6
       5
       3
       3
       1
       2
       3
       8
       5
       8
       4
       6
       8
       6
       3
       2
       3
       4
       5
       6
       7
       3
       3
       2
       4
       6
       6
       3
       4
       6
       2
       2
       5
       4
       4
       5
       2
       1
       6
       4
       7
       2
       4
       4
       3
       0
       6
       5
       3
       4
       2
       3
       4
       3
       3
       3
       4
       2
       2
       5
       2
       4
       3
       5
       3
       9
       3
       2
       3
       5
       2
       6
       2
       6
       4
       2
       3
       2
       9
       2
       1
       1
       4
       1
       2
       4
       1
       2
       2
       2
       2
       4
       4
       6
       4
       4
       4
       4
       2
       4
       4
       3
       4
       3
       2
       2
       0
       5
       4
       2
       1
       2
       2
       2
       1
       4
       3
       4
       8
       6
       3
       5
       3
       2
       3
       6
       5
       5
       4
       6
       5
       5
       3
       8
       3
       3
       0
       2
       4
       6
       2
       2
       4
       6
       3
       1
       2
       1
       6
       3
       7
       4
       6
       2
       2
       1
       3
       2
       2
       0
       3
       4
       5
      11
       3
       6
       2
       2
       3
       6
       3
       6
       4
       6
       0
       1
       1
       6
       2
       1
       7
       3
       3
       1
       1
       3
       3
       1
       3
       2
       5
       4
       1
       4
       4
       1
       3
       1
       5
       4
       6
       5
       5
       3
       4
       0
       1
       6
       3
       0
      10
       5
       1
       3
       3
       4
       2
       4
       3
       1
       6
       0
       4
       2
       3
       3
       1
       7
       6
       5
       2
       1
       2
       3
       3
       6
       5
       4
       3
       2
       3
       4
       1
       9
       5
       7
       2
       6
       3
       3
       3
       5
       3
       6
       3
       5
       5
       2
       6
       2
       8
       3
       0
       1
       1
       4
       5
       2
       1
       3
       3
       1
       2
       4
       1
       2
       5
      10
       6
       5
       2
       6
       4
       6
       3
       2
       4
       4
       2
       4
       2
       2
       2
       5
       1
       4
       2
       7
       5
       3
       2
       3
       2
       3
       2
       5
       2
       4
       2
       4
       3
       4
       2
       5
       5
       5
       5
       1
       3
       3
       5
       5
       4
       3
       2
       3
       3
       3
       5
       3
       3
       4
       0
       3
       2
       5
       4
       2
       1
       3
       0
       1
       3
       4
       4
       0
       3
       4
       2
       0
       1
       7
       3
       3
       6
       3
       2
       3
       1
       6
       2
       4
       2
       6
       4
       5
       5
       5
       1
       4
       5
       6
       1
       3
       4
       1
       6
       4
       2
       3
       2
       3
       3
       1
       1
       3
       4
       2
       3
       5
       5
       0
       4
       4
       5
       3
       1
       2
       3
       4
       5
       0
       3
       3
       5
       5
       6
       2
       4
       4
       1
       4
       5
       3
       2
       3
       2
       6
       4
       4
       3
       1
       2
       7
       4
       7
       1
       5
       3
       1
       5
       4
       3
       0
       1
       1
       1
       5
       2
       1
       0
       4
       2
       0
       2
       1
       4
       2
       1
       4
       2
       3
       2
       4
       4
       0
       3
       2
       1
       1
       3
       2
       4
       1
       1
       0
       2
       6
       4
       4
       3
       1
       5
       4
       2
       5
       5
       8
       3
       1
       2
       1
       2
       3
       0
       2
       4
       3
       4
       3
       4
       4
       2
       1
       4
       4
       5
       5
       2
       3
       0
       6
       2
       3
       3
       5
       4
       4
       4
       4
       0
       3
       4
       3
       1
       3
       6
       3
       1
       3
       5
       1
       0
       3
       2
       4
       2
       3
       4
       2
       5
       6
       5
       3
       2
       4
       3
       4
       1
       1
       5
       3
       2
       2
       3
       5
       1
       2
       6
       3
       6
       5
       1
       5
       3
       2
       3
       5
       2
       5
       0
       3
       5
       2
       1
       6
       6
       4
       1
       2
       1
       6
       6
       5
       2
       2
       4
       1
       3
       4
       3
       5
       1
       4
       6
       1
       1
       2
       1
       2
       4
       2
       5
       2
       1
       1
       4
       4
       4
       2
       2
       3
       2
       1
       4
       4
       2
       4
       7
       0
       2
       2
       1
       3
       5
       4
       4
       2
       4
       4
       2
       3
       1
       3
       0
       1
       2
       2
       5
       9
       2
       5
       2
       4
       2
       4
       1
       5
       3
       6
       3
       4
       2
       2
       1
       5
       4
       1
       1
       1
       5
       3
       1
       4
       2
       2
       5
       3
       1
       3
       4
       3
       3
       4
       4
       3
       3
       1
       2
       3
       0
       5
       3
       5
       2
       2
       4
       5
       5
       3
       3
       4
       3
       3
       3
       1
       6
       1
       2
       4
       5
       2
       0
       3
       1
       2
       1
       3
       6
       1
       1
       1
       3
       4
       2
       0
       0
       4
       3
       2
       4
       3
       2
       3
       3
       0
       7
       8
       1
       2
       1
       4
       0
       4
       3
       2
       3
       3
       7
       6
       8
       4
       4
       3
       3
       5
       5
       2
       2
       5
       1
       5
       1
       2
       8
       6
       2
       5
       4
       3
       2
       0
       5
       1
       2
       3
       6
       5
       7
       3
       6
       4
       1
       2
       3
       3
       2
       2
       3
       3
       1
       4
       2
       3
       3
       3
       1
       3
       0
       6
       1
       3
       1
       4
       4
       6
       4
       4
       2
       4
       1
       0
       2
       5
       1
       3
       5
       2
       6
       7
       3
       3
       2
       0
       4
       7
       4
       3
       8
       1
       2
       1
       2
       4
       2
       2
       4
       0
       3
       6
       1
       1
       8
       3
       4
       2
       2
       1
       2
       2
       5
       3
       4
       2
       2
       2
       1
       0
       5
       0
       1
       4
       5
       5
       4
       4
       1
       2
       0
       1
       3
       2
       6
       2
       7
       4
       2
       2
       1
       3
       0
       1
       1
       3
       3
       1
       1
       3
       1
       4
       1
       0
       3
       2
       3
       3
       1
       3
       6
       2
       1
       0
       5
       3
       0
       1
       2
       0
       2
       4
       3
       2
       4
       5
       4
       2
       4
       3
       2
       0
       4
       2
       3
       2
       2
       5
       2
       4
       3
       1
       1
       7
       3
       0
       6
       3
       1
       1
       1
       4
       1
       0
       1
       2
       1
       3
       3
       1
       1
       2
       4
       2
       2
       1
       2
       6
       0
       1
       4
       1
       1
       2
       1
       5
       4
       3
       2
       2
       4
       2
       1
       2
       2
       0
       2
       3
       0
       3
       2
       2
       4
       2
       1
       4
       2
       2
       0
       5
       2
       4
       0
       5
       1
       2
       2
       3
       6
       5
       2
       4
       2
       2
       3
       3
       1
       1
       4
       3
       2
       1
       4
       1
       1
       1
       1
       1
       6
       2
       1
       1
       1
       0
       0
       3
       5
       1
       1
       3
       2
       1
       5
       3
       1
       2
       2
       2
       1
       2
       3
       1
       5
       2
       3
       2
       2
       1
       1
       5
       3
       2
       4
       0
       0
       1
       1
       2
       4
       2
      11
       2
       0
       1
       1
       2
       1
       3
       2
       2
       3
       0
       1
       0
       0
       5
       2
       2
       1
       1
       1
       4
       5
       3
       1
       1
       3
       1
       1
       5
       1
       0
       2
       0
       1
       1
       1
       1
       1
       1
       1
       3
       2
       0
       1
       3
       2
       2
       2
       1
       3
       1
       3
       1
       2
       4
       1
       1
       2
       0
       0
       2
       2
       3
       1
       3
       1
       1
       2
       3
       5
       3
       2
       0
       2
       0
       2
       0
       4
       2
       2
       1
       2
       1
       2
       3
       2
       3
       2
       1
       1
       1
       4
       1
       0
       2
       2
       4
       0
       1
       3
       2
       1
       3
       1
       3
       1
       3
       2
       3
       1
       2
       5
       2
       2
       3
       3
       2
       3
       3
       2
       4
       2
       3
       5
       2
       3
       1
       4
       0
       0
       4
       0
       0
       0
       1
       1
       3
       0
       1
       2
       3
       1
       2
       1
       4
       2
       2
       1
       3
       2
       1
       2
       3
       4
       2
       3
       4
       2
       3
       4
       2
       0
       0
       2
       1
       1
       1
       1
       2
       5
       2
       0
       5
       1
       4
       3
       3
       2
       1
       2
       2
       1
       2
       3
       2
       6
       3
       0
       4
       3
       4
       1
       0
       0
       3
       0
       2
       2
       2
       2
       1
       2
       2
       2
       2
       0
       2
       5
       2
       2
       3
       3
       3
       2
       5
       4
       2
       3
       0
       1
       3
       0
       2
       3
       2
       2
       0
       2
       1
       3
       5
       0
       4
       3
       1
       3
       1
       1
       3
       3
       4
       4
       3
       2
       3
       2
       3
       3
       1
       1
       1
       1
       4
       1
       2
       5
       2
       4
       2
       5
       3
       2
       2
       1
       3
       2
       0
       2
       2
       4
       3
       3
       3
       2
       3
       3
       4
       2
       3
       1
       4
       4
       0
       2
       1
       2
       3
       2
       1
       3
       1
       3
       1
       4
       1
       0
       1
       3
       2
       2
       1
       4
       1
       0
       0
       2
       3
       5
       1
       2
       1
       4
       1
       2
       3
       1
       5
       1
       2
       1
       2
       4
       1
       3
       3
       0
       1
       2
       3
       2
       1
       2
       4
       1
       1
       1
       2
       0
       3
       3
       3
       1
       4
       2
       3
       2
       2
       2
       3
       3
       2
       0
       3
       0
       1
       1
       1
       1
       3
       3
       0
       3
       0
       2
       0
       3
       0
       2
       1
       1
       0
       3
       1
       1
       2
       4
       0
       2
       2
       1
       3
       2
       1
       1
       1
       0
       0
       1
       2
       0
       5
       0
       1
       2
       0
       0
       2
       3
       4
       3
       0
       2
       2
       3
       3
       3
       5
       1
       2
       2
       5
       0
       3
       1
       2
       1
       0
       2
       2
       1
       1
       1
       1
       1
       4
       0
       2
       1
       3
       1
       3
       3
       2
       4
       3
       2
       1
       1
       2
       3
       4
       1
       1
       0
       1
       3
       1
       1
       4
       0
       3
       0
       3
       1
       1
       1
       3
       3
       0
       1
       2
       1
       1
       5
       3
       0
       0
       4
       1
       1
       1
       1
       2
       2
       3
       0
       2
       4
       3
       5
       2
       2
       1
       0
       2
       1
       1
       1
       1
       0
       0
       5
       3
       0
       3
       3
       2
       2
       1
       4
       2
       2
       1
       2
       1
       1
       2
       2
       2
       5
       1
       2
       3
       1
       4
       0
       1
       2
       2
       1
       1
       0
       1
       1
       3
       1
       1
       2
       1
       2
       1
       1
       2
       4
       0
       1
       1
       2
       0
       2
       2
       1
       1
       1
       0
       2
       3
       3
       1
       1
       2
       0
       1
       1
       1
       3
       1
       1
       1
       3
       3
       2
       4
       2
       2
       1
       3
       0
       0
       1
       0
       1
       3
       0
       0
       2
       1
       0
       3
       1
       4
       2
       2
       1
       1
       1
       3
       2
       0
       4
       2
       2
       3
       2
       2
       1
       1
       1
       1
       2
       0
       0
       0
       3
       3
       3
       3
       0
       0
       2
       1
       0
       0
       1
       0
       1
       2
       0
       2
       1
       0
       2
       1
       4
       2
       0
       0
       1
       1
       2
       1
       0
       1
       0
       0
       0
       1
       1
       1
       0
       2
       3
       2
       0
       1
       1
       2
       3
       2
       4
       0
       1
       1
       0
       1
       3
       2
       0
       1
       2
       3
       1
       3
       0
       0
       2
       4
       4
       2
       5
       2
       3
       2
       1
       1
       0
       3
       2
       2
       0
       1
       3
       2
       0
       3
       2
       2
       2
       2
       1
       1
       0
       4
       1
       2
       2
       1
       2
       0
       0
       0
       2
       1
       0
       2
       2
       4
       3
       2
       1
       1
       0
       1
       0
       3
       1
       2
       1
       3
       0
       0
       2
       1
       3
       1
       1
       1
       1
       4
       1
       0
       2
       0
       2
       3
       2
       1
       0
       1
       3
       2
       1
       0
       2
       1
       2
       1
       2
       2
       0
       1
       1
       0
       1
       0
       2
       0
       0
       1
       1
       2
       0
       1
       1
       0
       2
       2
       1
       0
       0
       2
       1
       0
       3
       0
       1
       0
       1
       1
       2
       0
       1
       0
       1
       0
       1
       0
       2
       4
       2
       1
       1
       1
       1
       1
       1
       1
       1
       2
       1
       0
       1
       2
       1
       0
       0
       1
       0
       1
       4
       0
       3
       3
       1
       1
       2
       0
       1
       0
       1
       0
       1
       2
       0
       1
       0
       1
       3
       2
       2
       1
       2
       1
       0
       1
       0
       0
       0
       2
       0
       0
       1
       3
       1
       1
       2
       2
       0
       0
       0
       1
       0
       1
       2
       0
       0
       0
       0
       0
       1
       2
       1
       1
       2
       1
       1
       2
       1
       2
       0
       2
       1
       2
       0
       1
       0
       1
       0
       1
       0
       0
       1
       0
       1
       2
       1
       0
       2
       2
       0
       0
       1
       0
       0
       3
       1
       1
       1
       2
       0
       1
       0
       1
       2
       2
       1
       0
       2
       1
       0
       2
       0
       0
       0
       1
       0
       0
       2
       2
       3
       3
       0
       2
       3
       2
       0
       0
       0
       0
       0
       0
       1
       0
       0
       0
       0
       1
       0
       1
       1
       3
       4
       2
       2
       2
       1
       0
       2
       1
       0
       1
       2
       1
       0
       0
       2
       2
       1
       3
       0
       0
       0
       0
       1
       2
       0
       0
       1
       2
       0
       1
       0
       2
       0
       2
       4
       0
       1
       1
       1
       0
       0
       0
       1
       1
       0
       2
       2
       1
       1
       0
       0
       1
       1
       2
       0
       0
       1
       2
       0
       0
       1
       2
       1
       1
       0
       3
       4
       2
       2
       1
       0
       2
       0
       0
       0
       0
       1
       0
       0
       1
       2
       1
       3
       3
       1
       0
       1
       1
       2
       0
       1
       1
       0
       2
       0
       0
       1
       2
       0
       0
       1
       1
       0
       1
       0
       2
       0
       0
       0
       1
       1
       1
       0
       0
       2
       0
       1
       1
       0
       2
       1
       2
       1
       2
       0
       0
       2
       1
       0
       1
       2
       0
       0
       1
       0
       1
       1
       1
       1
       0
       3
       1
       0
       1
       2
       0
       0
       2
       1
       0
       1
       2
       0
       1
       2
       0
       1
       0
       1
       3
       0
       2
       2
       0
       1
       1
       0
       1
       0
       1
       2
       2
       0
       2
       0
       1
       0
       0
       1
       0
       1
       1
       2
       0
       1
       1
       2
       0
       1
       0
       1
       1
       0
       1
       1
       1
       1
       0
       1
       0
       5
       0
       1
       2
       1
       1
       1
       1
       0
       2
       2
       2
       2
       1
       0
       1
       0
       2
       0
       1
       1
       0
       0
       1
       3
       0
       0
       2
       1
       2
       2
       1
       0
       2
       1
       2
       0
       0
       1
       3
       1
       1
       0
       1
       0
       1
       0
       1
       2
       1
       1
       1
       1
       0
       0
       4
       0
       2
       0
       3
       1
       1
       0
       0
       0
       3
       2
       3
       3
       4
       3
       4
       1
       2
       1
       2
       1
       2
       2
       3
       1
       2
       2
       1
       3
       0
       0
       0
       3
       4
       2
       3
       0
       4
       1
       2
       3
       2
       1
       4
       1
       1
       4
       0
       2
       1
       2
       5
       0
       1
       2
       2
       2
       4
       3
       4
       0
       0
       1
       5
       2
       2
       3
       2
       2
       1
       2
       3
       4
       2
       2
       1
       3
       3
       1
       2
       2
       5
       1
       4
       0
       2
       3
       3
       3
       1
       2
       4
       6
       1
       1
       1
       1
       3
       1
       3
       4
       1
       2
       0
       1
       4
       3
       0
       5
       0
       2
       1
       2
       3
       6
       2
       2
       1
       3
       2
       7
       3
       3
       3
       4
       5
       5
       2
       5
       1
       3
       4
       4
       3
       2
       4
       4
       3
       3
       4
       2
       3
       4
       7
       8
       5
       1
       5
       3
       1
       1
       5
       6
       3
       4
       3
       3
       3
       6
       6
       5
       8
       6
       4
       4
       2
       5
       4
       2
       7
       1
       3
       3
       6
       6
       6
       4
       5
       7
       3
       1
       4
       5
       6
       4
       3
       6
       4
       2
       4
       0
       5
       4
       6
       2
       4
       3
       4
       1
       5
       4
       4
       7
       2
       4
       6
       0
       4
       2
       3
       1
       4
       2
       6
       4
       6
       3
       5
       3
       4
       4
       6
       0
       5
       6
       3
       3
       2
       5
       2
       3
       7
       5
       4
       0
       6
       2
       2
       2
       6
       1
       3
       1
       4
       1
       4
       2
       0
       4
       4
       5
       2
       1
       0
       2
       0
       6
       2
       7
       5
       3
       1
       2
       2
       2
       3
       3
       2
       2
       4
       3
       5
       2
       1
       1
       1
       0
       2
       4
       2
       3
       4
       4
       1
       0
       6
       3
       2
       4
       0
       1
       1
       0
       2
       0
       1
       2
       2
       2
       2
       3
       2
       0
       2
       2
       2
       0
       0
       0
       2
       1
       6
       1
       3
       1
       3
       2
       2
       0
       3
       2
       2
       1
       0
       1
       1
       1
       0
       2
       3
       1
       4
       1
       1
       1
       2
       2
       1
       1
       2
       1
       0
       2
       0
       0
       2
       1
       0
       1
       1
       1
       0
       0
       3
       1
       0
       1
       1
       1
       1
       1
       1
       2
       0
       0
       3
       0
       2
       1
       0
       1
       1
       1
       2
       0
       1
       0
       2
       0
       0
       0
       0
       2
       0
       3
       1
       3
       0
       1
       2
       0
       1
       0
       2
       0
       1
       2
       2
       0
       2
       0
       1
       1
       0
       2
       0
       1
       3
       1
       1
       0
       1
       2
       0
       1
       2
       2
       1
       1
       2
       1
       0
       0
       1
       2
       0
       0
       0
       2
       2
       0
       1
       0
       0
       1
       1
       0
       0
       1
       0
       1
       1
       2
       0
       1
       0
       0
       0
       1
       2
       0
       2
       0
       1
       0
       2
       1
       1
       2
       0
       0
       0
       0
       1
       2
       1
       2
       0
       0
       0
       0
       0
       0
       2
       1
       0
       0
       1
       0
       0
       0
       1
       0
       1
       0
       0
       2
       0
       0
       0
       1
       0
       0
       1
       0
       0
       0
       0
       0
       0
       1
       3
       0
       1
       0
       0
       0
       0
       1
       2
       0
       0
       1
       0
       0
       0
       1
       0
       1
       1
       0
       0
       0
       1
       0
       1
       0
       2
       1
       0
       0
       0
       0
       1
       1
       2
       0
       0
       0
       1
       1
       0
       1
       0
       0
       0
       2
       0
       1
       0
       0
       0
       0
       0
       1
       0
       0
       0
       0
       1
       3
       0
       0
       1
       1
       1
       1
       0
       0
       1
       1
       1
       0
       0
       2
       3
       0
       0
       0
       0
       0
       1
       0
       0
       1
       2
       0
       0
       0
       1
       1
       0
       0
       1
       1
       0
       0
       0
       0
       0
       1
       1
       0
       0
       0
       0
       0
       0
       0
       2
       2
       1
       0
       2
       0
       0
       0
       0
       0
       0
       0
       1
       0
       0
       2
       1
       0
       0
       1
       0
       1
       0
       0
       0
       0
       0
       0
       0
       0
       0
       0
       0
       2
       1
       0
       0
       1
       0
       0
       0
       0
       2
       2
       0
       0
       0
       0
       1
       0
       0
       0
       3
       0
       0
       0
       0
       0
       0
       0
       0
       0
       0
       0
       2
       2
       1
       1
       1
       2
       1
       0
       1
       0
       0
       0
       2
       1
       1
       0
       1
       1
       1
       0
       0
       1
       0
       1
       0
       0
       0
       0
       1
       1
       0
       1
       1
       0
       0
       0
       2
       0
       1
       0
       1
       1
       1
       1
       0
       0
       0
       0
       0
       0
       0
       1
       2
       0
       1
       0
       0
       0
       1
       0
       1
       1
       2
       1
       0
       0
       1
       0
       0
       0
       0
       0
       1
       1
       0
       1
       0
       1
       0
       2
       1
       0
       1
       0
       0
       0
       0
       1
       0
       1
       1
       1
       0
       0
       1
       1
       0
       0
       0
       0
       0
       1
       0
       1
       0
       0
       1
       0
       0
       2
       1
       0
       1
       0
       0
       0
       0
       0
       1
       0
       1
       1
       0
       1
       1
       1
       0
       0
       0
       0
       0
       0
       0
       0
       2
       0
       0
       0
       0
       0
       0
       0
       2
       0
       0
       0
       0
       0
       0
       0
       1
       0
       0
       0
       0
       1
       0
       0
       1
       0
       0
       0
       0
       1
       1
       0
       0
       0
       0
       0
       0
       0
       0
       0
       0
       0
       0
       2
       1
       1
       1
       0
       0
       0
       0
       1
       0
       0
       0
       0
       0
       0
       0
       0
       1
       1
       1
       1
       0
       1
       0
       0
       0
       0
       0
       0
       0
       1
       1
       0
       0
       0
       2
       0
       0
       0
       0
       0
       0
       0
       0
       0
       1
       1
       0
       1
       0
       0
       1
       0
       1
       1
       1
       0
       1
       0
       0
       0
       0
       0
       2
       0
       0
       0
       0
       0
       0
       0
       0
       1
       1
       0
       0
       0
       0
       0
       0
       0
       0
       0
       2
       0
       1
       0
       0
       1
       0
       0
       0
       0
       0
       0
       1
       0
       0
       1
       0
       0
       0
       0
       0
       0
       0
       0
       0
       1
       1
       1
       0
       0
       1
       1
       0
       1
       0
       1
       1
       0
       0
       1
       0
       0
       0
       2
       0
       0
       0
       0
       0
       0
       0
       1
       0
       0
       0
       1
       0
       0
       1
       0
       5
       0
       1
       0
       1
       0
       1
       1
       0
       1
       2
       0
       2
       0
       1
       2
       1
       0
       1
       1
       1
       2
       0
       0
       0
       0
       1
       0
       0
       1
       2
       0
       0
       0
       0
       1
       1
       0
       0
       0
       0
       1
       2
       0
       0
       1
       1
       1
       2
       0
       1
       1
       0
       0
       0
       0
       0
       0
       0
       1
       0
       0
       0
       1
       0
       0
       0
       0
       0
       0
       1
       0
       1
       1
       0
       1
       1
       0
       3
       1
       0
       2
       2
       1
       0
       0
       1
       0
       1
       0
       1
       0
       1
       0
       1
       0
       0
       1
       1
       0
       0
       0
       1
       0
       1
       0
       1
       1
       2
       2
       1
       2
       0
       0
       0
       1
       0
       1
       0
       0
       1
       1
       0
       1
       0
       0
       0
       1
       1
       1
       0
       0
       2
       0
       2
       0
       2
       0
       0
       0
       1
       2
       0
       0
       1
       0
       0
       3
       0
       0
       1
       2
       2
       2
       2
       1
       0
       1
       0
       0
       1
       0
       0
       2
       1
       0
       0
       0
       0
       1
       0
       0
       0
       1
       0
       0
       1
       0
       0
       0
       0
       0
       0
       1
       1
       0
       0
       0
       0
       0
       0
       0
       0
       0
       0
       1
       0
       0
       0
       0
       1
       0
       0
       0
       0
       1
       0
       2
       0
       0
       1
       0
       0
       0
       1
       0
       0
       0
       0
       0
       0
       1
       0
       1
       0
       0
       1
       1
       0
       0
       2
       0
       0
       0
       1
       0
       0
       0
       0
       1
       0
       1
       0
       0
       0
       0
       1
       1
       1
       2
       0
       0
       0
       0
       0
       1
       0
       1
       1
       2
       0
       3
       0
       1
       0
       0
       1
       0
       0
       0
       1
       1
       0
       1
       1
       0
       1
       1
       1
       0
       0
       0
       0
       1
       0
       0
       0
       1
       0
       0
       0
       0
       1
       0
       0
       0
       0
       0
       0
       1
       0
       2
       0
       0
       0
       1
       0
       0
       1
       0
       0
       0
       1
       0
       0
       0
       0
       1
       0
       0
       0
       1
       0
       0
       1
       0
       0
       0
       0
       1
       0
       0
       0
       0
       0
       0
       1
       1
       0
       1
       0
       0
       0
       2
       0
       0
       0
       0
       0
       0
       0
       0
       1
       0
       0
       0
       1
       0
       1
       1
       0
       2
       1
       1
       0
       0
       2
       0
       0
       0
       0
       0
       1
       1
       1
       0
       0
       1
       0
       0
       1
       1
       0
       0
       1
       1
       1
       0
       1
       0
       1
       0
       0
       1
       1
       0
       1
       0
       1
       1
       0
       0
       0
       0
       1
       0
       0
       0
       0
       0
       1
       0
       0
       0
       0
       0
       0
       0
       0
       0
       0
       0
       0
       0
       0
       1
       0
       0
       0
       1
       0
       0
       0
       1
       0
       0
       0
       0
       1
       0
       0
       0
       0
       0
       3
       0
       1
       0
       0
       0
       0
       1
       0
       0
       1
       0
       1
       0
       0
       1
       1
       1
       0
       0
       1
       1
       0
       0
       1
       0
       0
       2
       0
       1
       0
       0
       0
       1
       0
       1
       1
       0
       0
       0
       0
       2
       0
       0
       1
       0
       0
       0
       0
       0
       0
       0
       1
       0
       0
       0
       0
       0
       1
       0
       1
       0
       0
       0
       0
       1
       0
       1
       1
       0
       1
       0
       1
       0
       0
       0
       0
       0
       0
       0
       0
       1
       0
       0
       0
       0
       0
       1
       2
       2
       0
       0
       1
       0
       0
       1
       0
       1
       1
       0
       0
       1
       0
       0
       2
       0
       0
       0
       0
       0
       0
       1
       0
       0
       1
       0
       0
       0
       0
       0
       0
       0
       0
       0
       0
       0
       1
       0
       1
       0
       0
       0
       1
       0
       1
       0
       0
       1
       0
       0
       0
       1
       1
       0
       0
       0
       1
       0
       0
       0
       0
       1
       0
       1
       2
       0
       0
       0
       0
       0
       0
       0
       1
       0
       0
       0
       1
       0
       0
       0
       1
       0
       0
       0
       0
       2
       1
       0
       1
       0
       1
       0
       1
       1
       0
       0
       0
       0
       0
       0
       0
       1
       0
       1
       0
       0
       0
       1
       0
       0
       0
       0
       0
       0
       0
       1
       0
       0
       0
       0
       0
       0
       0
       0
       0
       0
       2
       0
       0
       0
       0
       0
       0
       0
       0
       0
       0
       0
       0
       2
       0
       0
       1
       0
       0
       0
       0
       1
       0
       1
       0
       0
       0
       1
       0
       0
       0
       0
       0
       0
       0
       0
       0
       0
       1
       0
       0
       1
       0
       0
       0
       1
       0
       0
       2
       0
       0
       0
       0
       1
       0
       1
       0
       0
       1
       0
       1
       0
       1
       0
       0
       0
       2
       0
       0
       1
       1
       0
       1
       0
       0
       0
       0
       0
       0
       0
       0
       0
       0
       0
       1
       1
       0
       0
       1
       0
       1
       1
       0
       0
       1
       0
       0
       0
       1
       0
       0
       0
       0
       1
       0
       1
       1
       1
       1
       0
       0
       2
       0
       0
       0
       1
       1
       1
       0
       0
       0
       0
       0
       0
       0
       0
       0
       0
       0
       0
       0
       0
       0
       1
       1
       0
       1
       0
       0
       0
       0
       0
       0
       1
       0
       0
       0
       0
       0
       1
       0
       0
       0
       0
       0
       0
       0
       2
       0
       0
       0
       0
       0
       0
       0
       0
       0
       0
       0
       0
       1
       0
       1
       0
       0
       0
       0
       1
       0
       0
       0
       1
       0
       0
       0
       0
       0
       0
       1
       0
       0
       1
       0
       0
       0
       0
       0
       0
       1
       0
       0
       0
       1
       0
       1
       0
       0
       0
       0
       0
       0
       0
       0
       0
       0
       0
       1
       1
       0
       0
       0
       0
       0
       0
       0
       0
       0
       0
       1
       0
       0
       0
       1
       0
       1
       0
       0
       0
       0
       0
       0
       0
       0
       0
       1
       0
       0
       0
       0
       1
       0
       0
       0
       1
       1
       0
       0
       0
       0
       0
       0
       0
       0
       0
       0
       1
       0
       0
       0
       0
       0
       0
       0
       0
       0
       0
       1
       0
       0
       0
       1
       0
       0
       1
       0
       0
       0
       0
       1
       0
       1
       1
       1
       1
       0
       0
       0
       0
       1
       0
       0
       0
       0
       0
       0
       0
       0
       0
       0
       1
       0
       0
       0
       0
       0
       0
       0
       1
       0
       0
       0
       0
       0
       0
       1
       0
       0
       0
       1
       0
       0
       0
       0
       0
       2
       0
       0
       0
       1
       0
       0
       1
       0
       1
       0
       0
       0
       0
       0
       0
       0
       0
       0
       0
       0
       0
       0
       0
       0
       0
       0
       0
       0
       0
       0
       2
       0
       1
       0
       0
       0
       0
       0
       0
       0
       0
       0
       0
       0
       0
       1
       0
       2
       1
       0
       0
       0
       0
       1
       0
       0
       0
       0
       2
       1
       0
       0
       0
       0
       0
       0
       2
       0
       0
       0
       1
       1
       0
       0
       0
       0
       0
       0
       0
       0
       1
       0
       0
       0
       0
       0
       1
       1
       1
       1
       0
       0
       0
       0
       0
       0
       0
       0
       1
       1
       1
       0
       0
       0
       0
       0
       2
       1
       0
       1
       0
       0
       0
       1
       0
       0
       0
       0
       0
       0
       0
       0
       1
       0
       0
       0
       0
       0
       0
       2
       0
       0
       0
       0
       0
       1
       0
       0
       1
       0
       0
       0
       1
       0
       0
       1
       3
       0
       0
       0
       0
       0
       0
       0
       0
       2
       0
       1
       1
       0
       0
       0
       0
       0
       0
       2
       0
       1
       1
       0
       0
       1
       0
       0
       0
       0
       0
       0
       0
       0
       0
       2
       0
       0
       0
       1
       0
       1
       1
       1
       0
       0
       0
       0
       0
       1
       0
       0
       0
       1
       0
       1
       0
       0
       2
       0
       0
       1
       0
       0
       0
       1
       1
       2
       2
       2
       0
       0
       0
       0
       0
       1
       0
       1
       0
       0
       0
       1
       0
       1
       1
       0
       1
       1
       1
       0
       1
       0
       0
       1
       0
       0
       2
       1
       0
       0
       0
       0
       2
       0
       1
       0
       0
       0
       0
       0
       1
       0
       0
       0
       0
       0
       1
       0
       1
       0
       0
       1
       0
       1
       1
       0
       0
       2
       1
       0
       0
       0
       1
       1
       0
       0
       1
       0
       0
       0
       0
       0
       0
       0
       0
       0
       0
       0
       1
       1
       0
       1
       0
       0
       0
       0
       1
       0
       1
       0
       0
       1
       0
       0
       0
       2
       1
       0
       0
       2
       0
       1
       0
       2
       1
       0
       0
       0
       0
       1
       0
       1
       0
       1
       0
       0
       0
       0
       0
       0
       0
       0
       1
       1
       2
       1
       1
       0
       0
       0
       0
       1
       0
       0
       1
       0
       0
       0
       0
       0
       0
       0
       1
       1
       0
       0
       0
       0
       0
       1
       0
       0
       1
       1
       1
       2
       0
       0
       0
       1
       0
       0
       2
       0
       0
       0
       0
       0
       0
       1
       1
       0
       0
       0
       0
       0
       0
       0
       0
       0
       1
       0
       0
       0
       0
       1
       0
       1
       0
       0
       0
       0
       0
       1
       0
       1
       0
       1
       0
       0
       0
       0
       0
       0
       0
       0
       2
       1
       0
       0
       0
       0
       0
       0
       1
       0
       0
       0
       1
       0
       1
       0
       0
       0
       0
       1
       1
       0
       1
       1
       1
       0
       1
       0
       1
       0
       0
       1
       1
       0
       1
       0
       0
       0
       0
       0
       0
       0
       0
       2
       1
       0
       1
       0
       1
       0
       0
       0
       1
       0
       1
       0
       0
       0
       0
       0
       1
       0
       0
       1
       0
       0
       1
       0
       0
       0
       0
       0
       1
       0
       0
       0
       0
       0
       0
       0
       0
       0
       0
       2
       1
       0
       0
       0
       0
       0
       1
       1
       1
       0
       1
       0
       0
       0
       0
       0
       0
       1
       0
       0
       0
       0
       1
       0
       0
       0
       0
       0
       1
       0
       0
       0
       0
       0
       1
       0
       0
       0
       0
       0
       0
       2
       0
       0
       1
       0
       1
       1
       1
       2
       0
       1
       0
       0
       0
       0
       0
       1
       0
       0
       0
       0
       0
       1
       1
       0
       0
       1
       0
       0
       0
       0
       2
       0
       1
       0
       0
       0
       0
       0
       1
       0
       0
       1
       1
       0
       0
       1
       0
       0
       0
       0
       1
       0
       2
       0
       0
       0
       0
       0
       0
       0
       0
       0
       1
       0
       0
       1
       0
       1
       0
       0
       0
       0
       0
       0
       0
       0
       0
       0
       0
       0
       0
       0
       0
       0
       1
       0
       1
       0
       0
       0
       0
       1
       1
       0
       0
       0
       1
       0
       0
       1
       0
       0
       3
       1
       0
       0
       0
       1
       0
       0
       0
       2
       0
       0
       1
       0
       0
       1
       0
       1
       0
       0
       0
       1
       0
       0
       0
       0
       0
       0
       0
       1
       0
       0
       0
       0
       0
       0
       0
       1
       1
       1
       0
       0
       1
       0
       0
       0
       0
       0
       0
       0
       0
       1
       0
       0
       0
       2
       0
       0
       0
       0
       0
       0
       0
       0
       0
       3
       0
       0
       0
       0
       2
       1
       0
       0
       1
       0
       0
       0
       0
       1
       0
       1
       0
       1
       0
       0
       0
       0
       0
       1
       0
       1
       0
       0
       0
       0
       1
       1
       0
       0
       0
       1
       0
       0
       0
       0
       1
       0
       0
       1
       0
       0
       0
       0
       0
       0
       0
       0
       0
       0
       0
       0
       0
       1
       0
       0
       0
       0
       0
       0
       0
       0
       1
       1
       0
       1
       0
       0
       0
       0
       0
       2
       0
       1
       0
       1
       0
       1
       1
       0
       0
       0
       1
       0
       0
       0
       1
       1
       0
       1
       0
       0
       0
       1
       1
       1
       0
       0
       0
       1
       0
       0
       0
       1
       2
       0
       0
       1
       0
       1
       2
       0
       1
       1
       0
       0
       0
       1
       0
       1
       1
       0
       0
       1
       0
       1
       0
       0
       1
       0
       0
       0
       1
       0
       2
       0
       1
       0
       0
       0
       1
       0
       0
       0
       1
       0
       0
       0
       0
       0
       2
       1
       1
       0
       0
       0
       1
       0
       0
       0
       0
       1
       1
       0
       0
       0
       0
       2
       2
       0
       2
       0
       0
       0
       0
       1
       1
       1
       2
       2
       0
       0
       1
       1
       0
       1
       0
       1
       0
       0
       1
       0
       0
       0
       0
       0
       0
       2
       0
       0
       0
       0
       0
       0
       1
       0
       1
       0
       0
       2
       0
       0
       0
       0
       1
       1
       1
       0
       0
       0
       1
       0
       1
       0
       1
       1
       1
       0
       0
       0
       0
       1
       4
       0
       0
       2
       6
       2
       2
       1
       3
       4
       2
       2
       0
       5
       3
       1
       4
       4
       5
       4
       7
       3
       5
       5
      12
       3
       3
       7
       4
       6
       9
       0
       2
       6
       7
       5
       5
       2
       2
       5
       2
       3
       0
       3
       2
       2
       1
       0
       0
       1
       1
       1
       1
       2
       1
       0
       1
       2
       0
       1
       1
       0
       0
       0
       0
       1
       0
       0
       0
       0
       0
       0
       2
       0
       1
       1
       1
       1
       0
       0
       1
       1
       0
       1
       2
       0
       0
       0
       1
       0
       0
       0
       0
       0
       0
       0
       0
       0
       0
       0
       0
       0
       0
       0
       0
       0
       0
       0
       1
       1
       0
       0
       1
       0
       0
       0
       0
       0
       1
       0
       0
       0
       1
       0
       1
       0
       0
       0
       0
       0
       0
       1
       0
       0
       1
       1
       0
       0
       1
       0
       0
       0
       1
       0
       0
       0
       1
       0
       0
       0
       1
       0
       0
       1
       0
       1
       1
       0
       3
       1
       2
       0
       1
       0
       4
       4
       7
       8
       8
       4
      13
      12
       9
      18
      22
      37
      52
      45
       6
       0
       0
       0
       0
       0
       0
       0
       0
       0
       0
       0
       0
       0
       0
       0
       0
       0
       0
       0
       0
       0
       0
       0
       0
       0
       0
       0
       0
       0
       0
       0
       0
       0
       0
       0
       0
       0
       0
       0
       0
       0
       0
       0
       0
       0
       0
       0
       0
       0
       0
       0
       0
       0
       0
       0
       0
       0
       0
       0
       0
       0
       0
       0
       0
       0
       0
       0
       0
       0
       0
       0
       0
       0
       0
       0
       0
       0
       0
       0
       0
       0
       0
       0
       0
       0
       0
       0
       0
       0
       0
       0
       0
       0
       0
       0
       0
       0
       0
       0
       0
       0
       0
       0
       0
       0
       0
       0
       0
       0
       0
       0
       0
       0
       0
       0
       0
       0
       0
       0
       0
       0
       0
       0
       0
       0
       0
       0
       0
       0
       0
       0
       0
       0
       0
       0
       0
       0
       0
       0
       0
       0
       0
       0
       0
       0
       0
       0
       0
       0
       0
       0
       0
       0
       0
       0
       0
       0
       0
       0
       0
       0
       0
       0
       0
       0
       0
       0
       0
       0
       0
       0
       0
       0
       0
       0
       0
       0
       0
       0
       0
       0
       0
       0
       0
       0
       0
       0
       0
       0
       0
       0
       0
       0
       0
       0
       0
       0
       0
       0
       0
       0
       0
       0
       0
       0
       0
       0
       0
       0
       0
       0
       0
       0
       0
       0
       0
       0
       0
       0
       0
       0
       0
       0
       0
       0
       0
       0
       0
       0
       0
       0
       0
       0
       0
       0
       0
       0
       0
       0
       0
       0
       0
       0
       0
       0
       0
       0
       0
       0
       0
       0
       0
       0
       0
       0
       0
       0
       0
       0
       0
       0
       0
       0
       0
       0
       0
       0
       0
       0
       0
       0
       0
       0
       0
       0
       0
       0
       0
       0
       0
       0
       0
$ROI:
3
86 161
274 359
1195 1372
$PRESETS:
Live Time
3600
0
$ENER_FIT:
-2.564146 5.859323
$MCA_CAL:
3
-2.564146E+000 5.859323E+000 2.989855E-004 keV
$SHAPE_CAL:
3
1.469019E+001 -5.192660E-002 5.111356E-005
