$SPEC_ID:
No sample description was entered.
$SPEC_REM:
DET# 1
DETDESC# DESKTOP-PA1F0GF MCB 337
AP# Maestro Version 7.01
$DATE_MEA:
04/14/2026 14:42:13
$MEAS_TIM:
7200 7227
$DATA:
0 8191
       0
       0
       0
       0
       0
       0
       0
       0
       0
       0
       0
       0
       0
       0
       0
       0
       0
       0
       0
       0
       0
       0
       0
       0
       0
       0
       0
       0
       0
       0
       0
       0
       0
       0
       0
       0
       0
       0
       0
       0
       0
       0
       0
       0
       0
       0
       0
       0
       0
       0
       0
       0
       0
       0
       0
       0
       0
       0
       0
       0
       0
       0
       0
       0
       0
       0
       0
       0
       0
       0
       0
       0
       0
       0
       0
       0
       0
       0
       0
      16
      39
     112
     154
     190
     261
     304
     331
     407
     454
     522
     531
     619
     607
     616
     585
     588
     616
     620
     613
     598
     615
     657
     652
     643
     657
     662
     663
     718
     674
     622
     691
     716
     687
     680
     743
     717
     764
     778
     753
     806
     741
     749
     765
     796
     777
     825
     791
     771
     820
     793
     775
     787
     820
     842
     822
     786
     820
     864
     799
     814
     838
     835
     808
     785
     810
     846
     839
     814
     834
     845
     827
     836
     831
     825
     812
     827
     836
     924
     831
     853
     913
     890
     857
     880
     867
     897
     915
     893
     901
     963
     970
     862
     921
     925
     930
    1046
    1063
     979
    1004
    1006
    1059
    1067
    1090
    1037
    1012
    1056
    1090
    1109
    1087
    1126
    1160
    1179
    1145
    1203
    1190
    1154
    1273
    1218
    1215
    1220
    1250
    1278
    1312
    1290
    1352
    1263
    1393
    1338
    1402
    1412
    1399
    1387
    1464
    1521
    1577
    1566
    1544
    1571
    1508
    1589
    1631
    1586
    1694
    1687
    1717
    1690
    1782
    1779
    1727
    1875
    1765
    1810
    1833
    1958
    1943
    1969
    2098
    2052
    2056
    2060
    2073
    2059
    2085
    2120
    2118
    2199
    2132
    2253
    2179
    2382
    2213
    2315
    2376
    2462
    2395
    2320
    2427
    2414
    2436
    2600
    2508
    2507
    2591
    2560
    2588
    2635
    2669
    2716
    2782
    2765
    2793
    2772
    2726
    2844
    2855
    2861
    2919
    2925
    2977
    3070
    2987
    3053
    3037
    3251
    3187
    3026
    3114
    3171
    3227
    3273
    3347
    3312
    3268
    3358
    3227
    3399
    3400
    3401
    3406
    3376
    3374
    3446
    3518
    3390
    3364
    3383
    3455
    3450
    3391
    3466
    3399
    3446
    3423
    3450
    3485
    3490
    3389
    3442
    3439
    3395
    3410
    3479
    3391
    3502
    3517
    3436
    3515
    3459
    3432
    3484
    3605
    3543
    3571
    3595
    3449
    3560
    3540
    3591
    3501
    3516
    3520
    3643
    3584
    3446
    3521
    3578
    3586
    3568
    3624
    3525
    3601
    3715
    3544
    3639
    3542
    3666
    3633
    3517
    3655
    3614
    3532
    3566
    3591
    3707
    3653
    3484
    3534
    3673
    3561
    3590
    3640
    3559
    3513
    3560
    3495
    3555
    3662
    3507
    3557
    3565
    3490
    3518
    3521
    3587
    3455
    3501
    3451
    3469
    3484
    3572
    3523
    3486
    3594
    3478
    3572
    3513
    3543
    3555
    3443
    3533
    3672
    3570
    3490
    3581
    3505
    3522
    3520
    3495
    3447
    3421
    3429
    3555
    3447
    3502
    3411
    3541
    3338
    3500
    3485
    3403
    3516
    3516
    3314
    3466
    3449
    3386
    3341
    3302
    3382
    3469
    3383
    3338
    3404
    3411
    3447
    3379
    3338
    3421
    3323
    3417
    3427
    3336
    3499
    3492
    3314
    3432
    3415
    3395
    3418
    3395
    3244
    3415
    3418
    3249
    3330
    3231
    3292
    3340
    3305
    3189
    3203
    3318
    3309
    3186
    3175
    3331
    3262
    3258
    3293
    3322
    3352
    3285
    3363
    3191
    3171
    3186
    3083
    3211
    3201
    3100
    3060
    3180
    3097
    3245
    3083
    3100
    3185
    3185
    3049
    3175
    3075
    3070
    3108
    3189
    3050
    3074
    3070
    3019
    3091
    3022
    3077
    3005
    2966
    2916
    2951
    3099
    2933
    2989
    2990
    2955
    2987
    2900
    3008
    3043
    2980
    2959
    2948
    2908
    2973
    2889
    2885
    2861
    2884
    2831
    2850
    2786
    2783
    2903
    2889
    2778
    2921
    2798
    2770
    2831
    2733
    2767
    2705
    2704
    2765
    2765
    2709
    2816
    2719
    2745
    2766
    2755
    2762
    2737
    2691
    2713
    2701
    2758
    2730
    2698
    2611
    2656
    2613
    2562
    2663
    2528
    2568
    2614
    2602
    2582
    2574
    2610
    2534
    2529
    2659
    2522
    2532
    2550
    2594
    2440
    2536
    2566
    2458
    2497
    2482
    2480
    2414
    2491
    2416
    2411
    2385
    2477
    2465
    2474
    2435
    2501
    2444
    2385
    2409
    2355
    2395
    2404
    2339
    2342
    2365
    2297
    2288
    2395
    2274
    2373
    2330
    2359
    2298
    2255
    2323
    2247
    2339
    2207
    2292
    2319
    2269
    2255
    2241
    2251
    2295
    2345
    2285
    2211
    2252
    2251
    2118
    2231
    2222
    2189
    2138
    2220
    2163
    2056
    2236
    2135
    2158
    2093
    2179
    2166
    2181
    2091
    2151
    2148
    2113
    2097
    2095
    2077
    2108
    2113
    2113
    2042
    2093
    2059
    2052
    1958
    2050
    2010
    1948
    2151
    2027
    2049
    1945
    2019
    1932
    1987
    1974
    2058
    1996
    1990
    2101
    2039
    1957
    2011
    1994
    1977
    1952
    1987
    1936
    1904
    1984
    1908
    1943
    1918
    1991
    1931
    1883
    1887
    1941
    1902
    1875
    1866
    1943
    1818
    1848
    1732
    1931
    1923
    1893
    1793
    1798
    1749
    1877
    1789
    1848
    1790
    1740
    1880
    1776
    1753
    1796
    1773
    1823
    1742
    1735
    1780
    1714
    1794
    1764
    1674
    1717
    1741
    1668
    1705
    1725
    1691
    1749
    1651
    1671
    1664
    1673
    1686
    1628
    1655
    1679
    1620
    1684
    1651
    1608
    1635
    1664
    1663
    1633
    1650
    1646
    1654
    1560
    1648
    1613
    1645
    1568
    1602
    1522
    1635
    1594
    1643
    1515
    1595
    1612
    1489
    1593
    1548
    1538
    1513
    1545
    1545
    1493
    1519
    1562
    1490
    1527
    1508
    1549
    1500
    1526
    1545
    1564
    1531
    1502
    1452
    1436
    1493
    1480
    1453
    1502
    1462
    1476
    1505
    1411
    1410
    1397
    1494
    1454
    1411
    1389
    1421
    1441
    1390
    1427
    1449
    1412
    1428
    1329
    1398
    1378
    1459
    1393
    1411
    1422
    1380
    1421
    1391
    1354
    1432
    1362
    1419
    1351
    1340
    1359
    1403
    1354
    1346
    1349
    1338
    1383
    1399
    1338
    1293
    1378
    1336
    1354
    1318
    1324
    1369
    1352
    1417
    1355
    1303
    1322
    1322
    1360
    1345
    1409
    1342
    1343
    1271
    1342
    1344
    1380
    1280
    1406
    1312
    1312
    1319
    1389
    1332
    1344
    1376
    1341
    1307
    1327
    1338
    1319
    1315
    1340
    1324
    1324
    1391
    1284
    1311
    1315
    1262
    1286
    1289
    1281
    1263
    1208
    1219
    1300
    1269
    1284
    1201
    1195
    1188
    1217
    1211
    1215
    1275
    1232
    1291
    1235
    1192
    1208
    1262
    1155
    1196
    1203
    1154
    1120
    1154
    1146
    1081
    1127
    1143
    1076
    1111
    1136
    1095
    1094
    1058
    1086
    1054
    1084
    1056
    1073
    1076
    1006
    1023
    1070
     995
    1055
    1053
    1005
    1035
     971
    1094
    1040
    1000
    1007
     992
     969
     980
    1005
     990
     955
     999
     915
     966
     964
     940
     946
     901
     965
     944
     944
     926
     971
     957
     940
     908
     917
     902
    1012
     963
     892
     885
     875
     875
     859
     894
     904
     900
     886
     905
     909
     876
     855
     850
     899
     852
     848
     864
     894
     865
     930
     932
     793
     889
     898
     859
     827
     910
     829
     823
     840
     867
     819
     854
     813
     828
     838
     843
     866
     814
     861
     743
     821
     777
     795
     820
     835
     836
     807
     758
     880
     857
     792
     792
     787
     853
     808
     873
     793
     778
     800
     764
     824
     794
     827
     819
     804
     797
     800
     746
     754
     784
     830
     755
     838
     743
     794
     786
     725
     781
     762
     763
     751
     764
     751
     765
     797
     752
     762
     772
     747
     759
     755
     744
     737
     803
     752
     797
     730
     749
     716
     764
     743
     717
     791
     775
     729
     726
     701
     650
     728
     721
     669
     711
     717
     705
     690
     706
     695
     727
     721
     718
     708
     721
     655
     639
     712
     685
     715
     725
     704
     668
     665
     644
     690
     652
     670
     701
     666
     693
     631
     620
     702
     652
     658
     682
     698
     684
     652
     631
     663
     669
     693
     655
     606
     662
     613
     646
     650
     658
     637
     630
     592
     626
     664
     659
     639
     648
     612
     628
     659
     613
     592
     641
     618
     599
     582
     619
     579
     626
     594
     571
     598
     614
     600
     597
     604
     600
     597
     603
     562
     603
     604
     589
     553
     559
     551
     553
     619
     575
     573
     577
     546
     606
     544
     551
     580
     597
     554
     566
     541
     613
     593
     559
     528
     597
     558
     545
     598
     527
     585
     568
     574
     583
     569
     534
     567
     581
     574
     574
     540
     588
     521
     593
     525
     558
     548
     541
     541
     547
     574
     518
     548
     587
     567
     532
     514
     541
     564
     525
     524
     549
     571
     540
     548
     548
     539
     522
     519
     565
     552
     521
     555
     534
     527
     568
     508
     547
     568
     551
     521
     537
     497
     516
     524
     547
     542
     552
     531
     521
     538
     525
     529
     539
     547
     544
     542
     545
     512
     506
     523
     479
     512
     520
     537
     490
     524
     522
     533
     532
     538
     503
     532
     531
     498
     501
     492
     464
     491
     514
     477
     502
     468
     496
     475
     530
     476
     495
     505
     504
     502
     491
     487
     472
     498
     470
     520
     479
     485
     464
     502
     465
     485
     502
     457
     472
     457
     453
     436
     443
     429
     450
     409
     443
     452
     476
     465
     455
     442
     446
     472
     425
     473
     414
     429
     415
     425
     428
     425
     454
     432
     453
     415
     433
     394
     422
     412
     464
     444
     416
     442
     423
     408
     400
     417
     400
     426
     397
     360
     366
     390
     388
     417
     369
     409
     426
     361
     405
     366
     379
     358
     356
     363
     401
     353
     382
     368
     374
     374
     366
     316
     344
     365
     377
     367
     328
     369
     359
     365
     383
     367
     347
     379
     354
     381
     342
     367
     355
     335
     334
     359
     326
     352
     342
     367
     363
     325
     347
     354
     338
     338
     343
     377
     326
     346
     362
     313
     312
     270
     324
     340
     325
     328
     318
     326
     332
     343
     348
     321
     301
     312
     319
     314
     332
     339
     350
     340
     323
     336
     314
     335
     314
     283
     312
     331
     315
     341
     305
     301
     340
     348
     300
     351
     328
     324
     297
     326
     304
     292
     355
     326
     315
     295
     294
     306
     321
     289
     326
     302
     266
     327
     294
     317
     310
     305
     269
     295
     309
     329
     306
     310
     290
     299
     301
     297
     305
     309
     336
     318
     286
     315
     277
     308
     291
     272
     319
     311
     313
     263
     308
     307
     305
     301
     290
     274
     292
     283
     282
     292
     278
     264
     307
     283
     271
     291
     286
     304
     284
     271
     262
     284
     265
     281
     308
     284
     288
     305
     286
     284
     273
     252
     259
     274
     274
     279
     264
     286
     259
     257
     246
     273
     296
     275
     275
     279
     286
     274
     251
     280
     272
     244
     270
     289
     254
     263
     266
     238
     238
     248
     257
     275
     259
     271
     254
     240
     244
     247
     227
     281
     253
     238
     282
     276
     248
     264
     253
     248
     228
     261
     279
     258
     277
     271
     246
     252
     261
     233
     277
     251
     274
     247
     258
     223
     263
     239
     266
     249
     254
     260
     247
     263
     235
     261
     265
     229
     256
     227
     259
     274
     238
     238
     233
     262
     242
     256
     243
     255
     234
     218
     225
     247
     208
     213
     231
     224
     224
     224
     276
     226
     267
     226
     205
     234
     207
     236
     241
     236
     244
     252
     250
     257
     241
     251
     215
     217
     241
     245
     224
     198
     243
     211
     240
     224
     225
     225
     226
     253
     238
     223
     257
     243
     234
     220
     207
     227
     238
     237
     231
     277
     225
     233
     217
     238
     240
     229
     270
     210
     212
     229
     209
     224
     223
     215
     248
     222
     229
     217
     233
     207
     213
     187
     200
     225
     238
     235
     230
     227
     205
     203
     200
     233
     199
     242
     218
     252
     225
     264
     220
     216
     182
     201
     242
     214
     213
     233
     231
     199
     232
     206
     196
     211
     221
     209
     222
     211
     207
     224
     218
     216
     179
     225
     264
     214
     227
     220
     205
     221
     211
     206
     212
     216
     222
     202
     223
     223
     223
     233
     225
     246
     209
     212
     241
     215
     214
     213
     197
     235
     210
     231
     222
     219
     209
     211
     226
     210
     227
     221
     216
     200
     270
     204
     220
     219
     204
     219
     238
     231
     215
     189
     224
     216
     207
     218
     217
     227
     224
     202
     236
     222
     207
     225
     240
     237
     237
     245
     229
     210
     220
     230
     244
     211
     237
     237
     232
     246
     242
     221
     251
     191
     226
     231
     237
     215
     229
     244
     234
     229
     243
     236
     205
     247
     221
     239
     204
     241
     272
     227
     244
     226
     235
     221
     265
     218
     238
     242
     253
     260
     230
     241
     221
     223
     256
     239
     216
     220
     249
     194
     196
     244
     228
     225
     235
     245
     252
     244
     248
     237
     257
     238
     244
     227
     234
     238
     233
     225
     245
     221
     227
     233
     218
     209
     234
     202
     214
     217
     183
     215
     221
     221
     206
     251
     207
     211
     200
     187
     208
     220
     223
     209
     216
     223
     203
     210
     203
     196
     194
     196
     181
     200
     212
     215
     214
     176
     178
     203
     169
     195
     190
     171
     188
     206
     205
     192
     170
     206
     193
     180
     164
     195
     166
     181
     165
     163
     160
     169
     203
     205
     155
     170
     185
     165
     158
     175
     188
     146
     139
     153
     155
     154
     172
     165
     165
     166
     159
     165
     151
     152
     185
     161
     131
     162
     155
     150
     152
     133
     160
     139
     155
     150
     155
     137
     168
     159
     149
     154
     133
     145
     149
     173
     151
     134
     172
     140
     145
     148
     145
     132
     153
     164
     145
     151
     152
     131
     159
     143
     134
     145
     147
     157
     132
     128
     155
     130
     154
     144
     126
     130
     133
     130
     141
     152
     138
     122
     156
     141
     121
     151
     143
     139
     128
     134
     148
     150
     160
     164
     143
     144
     142
     162
     153
     175
     148
     172
     139
     156
     156
     149
     144
     144
     147
     186
     138
     147
     148
     138
     171
     132
     148
     171
     116
     122
     140
     134
     154
     144
     144
     140
     174
     159
     157
     137
     152
     167
     160
     156
     160
     152
     151
     146
     174
     142
     119
     147
     152
     154
     175
     148
     144
     148
     153
     174
     146
     154
     146
     146
     156
     159
     166
     151
     162
     163
     173
     168
     197
     137
     128
     166
     154
     148
     155
     192
     156
     157
     127
     146
     151
     147
     167
     151
     177
     178
     173
     156
     168
     162
     170
     176
     160
     178
     174
     132
     159
     147
     166
     157
     146
     176
     181
     178
     169
     171
     150
     161
     163
     176
     185
     140
     151
     172
     148
     158
     167
     178
     164
     157
     130
     164
     158
     154
     168
     168
     162
     167
     162
     141
     147
     152
     185
     176
     163
     150
     167
     138
     151
     155
     168
     163
     146
     159
     181
     143
     150
     170
     167
     162
     153
     179
     141
     162
     154
     154
     154
     140
     134
     153
     161
     157
     150
     141
     164
     152
     158
     147
     176
     140
     140
     156
     158
     128
     140
     135
     149
     140
     146
     168
     147
     152
     138
     150
     132
     143
     140
     166
     156
     135
     134
     141
     151
     125
     151
     141
     126
     146
     135
     135
     145
     143
     153
     131
     127
     124
     122
     131
     114
     108
     135
     104
     148
     126
     136
     120
     118
     132
     120
     120
     114
     134
     125
     125
     124
     115
     127
     123
     125
     120
     114
     115
     126
     110
     113
     124
     136
     122
     129
     114
     104
     127
     117
     128
     128
     116
     103
     120
     104
     115
     109
      92
      89
     112
     123
      97
      98
     114
     105
     104
     123
      95
     100
      92
      97
     123
     111
      99
     107
     109
     114
     100
     123
     116
     101
     109
      92
     106
     116
     112
      87
     107
      97
      93
      96
      97
      84
     102
     105
     108
      99
      90
      97
     101
      93
      85
     105
      77
     115
      92
      94
     112
      94
     101
      97
      90
      89
      89
     100
      76
     101
      80
     100
      94
      70
      78
      96
      84
      84
     112
      98
     107
      99
      83
      81
      83
     105
      97
      98
      94
      72
      77
      77
      76
      98
      80
     114
      88
      90
      86
     102
      89
      93
      89
      91
      83
      86
      98
      60
      96
      86
     102
     107
      94
      91
      81
      98
      89
     102
      78
      86
      71
      90
      98
      72
      89
      82
      70
      75
      82
      84
      83
      86
      61
      77
      98
      84
      75
      85
      87
     102
      83
     106
      89
      90
      97
      90
      78
      79
      89
      88
      75
      84
      64
      75
      79
      96
      91
      81
      94
      85
      84
      84
      87
      84
      86
      85
      75
      82
      71
      75
     102
      75
      69
      78
      67
      85
      84
      79
      87
      89
      90
      68
      82
      90
      88
      89
      72
      70
      81
      89
      77
      85
      70
      92
      77
      69
      81
      89
      89
      92
      82
      86
      76
      71
      87
      76
      86
      90
      77
      70
      85
      76
      81
      79
      71
      64
      86
      74
      74
      74
      69
      77
      64
      71
      65
      83
      63
      77
      59
      80
      78
      75
      74
      87
      67
      66
      69
      70
     103
      68
      79
      70
      68
      81
      61
      65
      84
      82
      70
      86
      67
      92
      93
      66
      70
      79
      77
      81
      84
      76
      79
      81
      80
      73
      78
      84
      76
      87
      80
      77
      80
      84
      68
      82
      72
      77
      72
      75
      80
      75
      82
      75
      63
      76
      92
      85
      77
      84
      68
      76
      69
      88
      77
      68
      74
      73
      75
      84
      95
      72
      87
      82
      55
      66
      70
      76
      87
      79
      66
      70
      66
      77
      82
      69
      80
      89
      66
      98
      97
      95
      74
      86
      73
      81
      72
      79
      77
      74
      68
      78
      70
      77
      97
      70
      74
     105
      73
      79
      68
      75
      71
      73
      86
      85
      83
      77
      69
      78
      59
      84
      68
      80
      74
      65
      76
      70
      68
      58
      85
      71
      89
      60
      61
      63
      83
      64
      72
      80
      77
      72
      86
      83
      72
      70
      62
      72
      70
      77
      75
      79
      74
      85
      71
      85
      70
      72
      56
      85
      84
      82
      74
      70
      83
      74
      79
      64
      64
      74
      74
      73
      75
      67
      77
      67
      67
      70
      78
      69
      72
      68
      82
      68
      73
      61
      47
      80
      77
      71
      73
      69
      71
      53
      71
      81
      63
      74
      79
      72
      67
      52
      54
      67
      75
      77
      76
      62
      72
      70
      53
      74
      73
      67
      60
      78
      71
      86
      76
      59
      64
      78
      73
      72
      62
      66
      66
      81
      78
      75
      57
      74
      67
      74
      53
      73
      71
      78
      73
      74
      71
      72
      65
      58
      78
      67
      64
      69
      83
      65
      69
      77
      70
      65
      77
      63
      71
      65
      68
      73
      79
      65
      68
      89
      67
      67
      68
      70
      76
      70
      68
      63
      67
      71
      78
      77
      86
      75
      78
      63
      63
      60
      80
      58
      60
      76
      96
      74
      76
      60
      67
      66
      69
      61
      61
      55
      72
      73
      60
      76
      63
      93
      64
      72
      58
      81
      57
      62
      68
      83
      62
      72
      77
      74
      58
      58
      52
      66
      68
      68
      57
      67
      45
      80
      63
      67
      63
      71
      63
      61
      70
      63
      57
      68
      65
      55
      56
      59
      70
      75
      74
      68
      68
      59
      59
      77
      56
      57
      80
      75
      62
      62
      69
      59
      81
      64
      62
      67
      59
      63
      88
      74
      66
      58
      65
      75
      72
      62
      53
      52
      62
      50
      45
      64
      66
      55
      59
      63
      57
      65
      64
      78
      62
      66
      58
      59
      58
      64
      44
      49
      56
      66
      62
      67
      57
      59
      68
      54
      61
      57
      60
      61
      57
      63
      47
      66
      58
      72
      44
      66
      61
      46
      47
      72
      52
      66
      71
      62
      57
      74
      61
      45
      70
      60
      54
      57
      59
      54
      72
      59
      50
      57
      58
      55
      51
      63
      59
      65
      58
      62
      61
      59
      67
      55
      51
      67
      52
      55
      49
      38
      55
      62
      52
      66
      52
      54
      61
      75
      43
      76
      58
      55
      65
      62
      58
      50
      68
      50
      71
      52
      50
      55
      61
      63
      55
      62
      57
      64
      61
      55
      48
      52
      46
      53
      65
      62
      52
      50
      65
      52
      62
      68
      54
      56
      60
      49
      61
      58
      57
      58
      65
      53
      43
      65
      73
      53
      56
      53
      50
      56
      50
      53
      66
      50
      59
      56
      47
      65
      56
      59
      57
      52
      65
      48
      59
      70
      64
      52
      55
      53
      62
      51
      49
      60
      61
      63
      44
      59
      51
      65
      60
      48
      56
      54
      54
      58
      57
      59
      58
      45
      58
      55
      49
      44
      66
      50
      48
      63
      52
      51
      71
      49
      59
      50
      49
      61
      58
      60
      72
      53
      62
      65
      49
      65
      63
      53
      64
      42
      55
      61
      61
      60
      57
      53
      68
      68
      57
      52
      59
      54
      50
      58
      51
      45
      66
      52
      61
      66
      67
      57
      51
      43
      60
      68
      58
      51
      61
      54
      60
      51
      64
      57
      50
      48
      63
      50
      64
      55
      69
      68
      58
      62
      50
      56
      62
      61
      59
      47
      57
      57
      55
      57
      50
      59
      49
      66
      61
      63
      61
      63
      51
      52
      59
      69
      53
      58
      58
      41
      65
      65
      54
      58
      65
      72
      61
      66
      65
      62
      66
      73
      62
      61
      55
      74
      54
      67
      72
      65
      55
      62
      46
      63
      67
      74
      69
      65
      61
      67
      58
      66
      51
      64
      72
      67
      61
      55
      73
      54
      72
      73
      53
      57
      60
      70
      66
      57
      79
      65
      64
      70
      60
      62
      54
      75
      61
      57
      66
      69
      69
      61
      66
      76
      58
      67
      61
      73
      66
      72
      52
      68
      68
      58
      69
      57
      55
      66
      61
      69
      66
      68
      53
      75
      51
      62
      56
      70
      64
      61
      50
      50
      72
      61
      63
      65
      58
      60
      67
      62
      68
      70
      71
      62
      65
      74
      67
      75
      69
      70
      63
      63
      64
      65
      57
      68
      69
      69
      54
      62
      52
      56
      56
      62
      69
      63
      78
      58
      73
      49
      67
      70
      65
      44
      53
      59
      56
      60
      66
      60
      64
      54
      71
      69
      72
      56
      55
      66
      62
      62
      74
      56
      70
      54
      70
      62
      57
      60
      66
      62
      53
      54
      60
      49
      58
      61
      64
      50
      87
      69
      62
      55
      66
      71
      67
      57
      66
      56
      71
      61
      64
      62
      55
      78
      68
      61
      58
      65
      55
      56
      73
      69
      65
      49
      56
      69
      44
      60
      57
      60
      59
      68
      73
      71
      56
      59
      55
      63
      62
      45
      67
      65
      59
      60
      60
      54
      67
      48
      61
      47
      47
      47
      69
      63
      59
      55
      63
      59
      49
      58
      51
      61
      70
      59
      55
      57
      52
      63
      53
      58
      56
      59
      74
      51
      57
      56
      66
      57
      49
      57
      49
      58
      58
      57
      64
      67
      39
      64
      65
      73
      60
      59
      79
      55
      56
      40
      52
      56
      55
      50
      63
      50
      68
      64
      55
      67
      63
      64
      58
      50
      58
      65
      59
      59
      59
      52
      67
      44
      62
      59
      64
      55
      51
      67
      68
      41
      60
      67
      58
      52
      63
      55
      50
      64
      54
      40
      51
      65
      67
      49
      57
      54
      67
      40
      65
      57
      49
      68
      43
      48
      52
      66
      54
      48
      53
      41
      58
      55
      52
      50
      53
      51
      58
      49
      56
      63
      49
      46
      53
      58
      53
      42
      45
      55
      54
      48
      43
      48
      59
      44
      34
      44
      53
      44
      41
      44
      57
      53
      38
      47
      54
      50
      48
      45
      37
      48
      49
      55
      42
      54
      40
      42
      54
      45
      57
      47
      43
      38
      38
      51
      49
      42
      34
      49
      36
      60
      36
      45
      46
      38
      51
      47
      46
      40
      42
      39
      35
      53
      36
      43
      44
      41
      40
      41
      37
      42
      46
      46
      48
      35
      40
      46
      42
      46
      40
      57
      47
      36
      32
      47
      43
      29
      31
      51
      42
      50
      38
      31
      44
      51
      58
      44
      37
      40
      43
      37
      44
      51
      42
      34
      36
      34
      46
      42
      42
      35
      39
      45
      32
      47
      37
      42
      41
      49
      33
      39
      39
      38
      41
      36
      41
      41
      39
      57
      49
      35
      40
      47
      44
      41
      42
      42
      34
      41
      35
      48
      34
      35
      39
      24
      25
      37
      38
      35
      34
      29
      34
      38
      31
      37
      41
      39
      41
      33
      47
      44
      44
      32
      41
      43
      34
      40
      36
      35
      44
      37
      36
      41
      47
      38
      42
      37
      44
      44
      34
      40
      37
      38
      38
      45
      36
      38
      35
      45
      48
      39
      40
      44
      44
      28
      41
      38
      40
      34
      32
      32
      35
      38
      44
      40
      37
      33
      23
      36
      45
      34
      41
      36
      35
      51
      39
      41
      37
      37
      34
      33
      40
      32
      48
      34
      37
      31
      34
      35
      41
      45
      40
      52
      36
      44
      43
      36
      40
      30
      30
      40
      36
      44
      42
      33
      39
      33
      48
      31
      39
      54
      37
      36
      38
      34
      42
      52
      48
      39
      35
      34
      40
      39
      26
      35
      52
      34
      32
      39
      32
      44
      35
      29
      34
      41
      46
      29
      36
      31
      41
      48
      40
      34
      40
      43
      34
      42
      30
      32
      38
      41
      36
      35
      31
      33
      29
      39
      40
      39
      46
      35
      35
      28
      39
      42
      40
      38
      31
      23
      42
      55
      40
      43
      36
      35
      39
      51
      47
      43
      42
      47
      36
      34
      39
      42
      40
      44
      43
      44
      28
      43
      42
      40
      57
      45
      30
      61
      40
      34
      38
      50
      44
      27
      36
      40
      54
      49
      48
      40
      36
      39
      37
      46
      34
      40
      49
      36
      45
      49
      32
      40
      29
      35
      40
      41
      49
      40
      40
      43
      44
      43
      43
      39
      54
      40
      47
      36
      42
      37
      39
      43
      39
      54
      34
      64
      47
      43
      41
      51
      38
      47
      46
      40
      42
      36
      41
      40
      54
      44
      45
      38
      43
      36
      42
      41
      40
      45
      46
      48
      39
      46
      34
      50
      42
      47
      45
      52
      43
      37
      41
      29
      43
      47
      53
      39
      46
      55
      38
      29
      45
      40
      49
      49
      48
      35
      35
      49
      35
      39
      43
      48
      34
      49
      40
      22
      31
      45
      34
      38
      44
      48
      38
      45
      38
      45
      40
      46
      41
      43
      45
      35
      37
      44
      45
      35
      37
      47
      44
      47
      40
      39
      36
      47
      51
      43
      33
      37
      45
      49
      48
      40
      47
      40
      48
      40
      42
      48
      35
      49
      49
      40
      53
      45
      36
      44
      40
      45
      46
      49
      42
      62
      44
      40
      40
      44
      43
      38
      42
      47
      47
      39
      40
      46
      32
      41
      45
      43
      39
      43
      34
      38
      41
      46
      36
      39
      42
      36
      46
      36
      32
      30
      44
      45
      45
      43
      35
      47
      39
      34
      46
      43
      36
      34
      32
      49
      43
      46
      38
      46
      37
      30
      39
      35
      26
      37
      42
      28
      31
      33
      44
      43
      29
      44
      35
      31
      34
      39
      42
      37
      29
      44
      42
      37
      43
      37
      39
      32
      37
      24
      47
      46
      35
      28
      37
      41
      44
      27
      31
      43
      40
      25
      46
      42
      41
      54
      41
      39
      43
      37
      41
      34
      57
      38
      43
      36
      38
      42
      37
      28
      32
      34
      32
      30
      45
      41
      36
      33
      34
      33
      35
      35
      41
      45
      31
      32
      38
      35
      38
      39
      31
      48
      33
      32
      34
      39
      45
      39
      44
      41
      38
      35
      47
      42
      31
      30
      31
      35
      25
      40
      40
      36
      37
      43
      30
      36
      31
      47
      37
      43
      31
      36
      29
      35
      30
      30
      28
      26
      29
      30
      27
      42
      37
      29
      32
      33
      31
      42
      37
      38
      32
      52
      31
      33
      37
      34
      24
      19
      29
      26
      31
      35
      24
      39
      28
      36
      28
      24
      29
      38
      26
      30
      33
      32
      33
      39
      24
      36
      31
      30
      33
      29
      35
      32
      33
      43
      31
      35
      31
      41
      25
      36
      34
      34
      37
      38
      29
      29
      28
      31
      33
      28
      27
      23
      26
      31
      30
      29
      27
      30
      30
      38
      33
      41
      36
      27
      34
      29
      39
      26
      29
      34
      31
      34
      30
      32
      36
      32
      39
      31
      30
      35
      46
      29
      22
      26
      25
      29
      29
      31
      32
      34
      33
      25
      23
      34
      31
      20
      29
      30
      21
      26
      25
      38
      34
      27
      26
      26
      27
      23
      41
      28
      38
      34
      38
      22
      21
      26
      31
      32
      28
      34
      27
      26
      25
      34
      25
      30
      25
      20
      27
      31
      30
      26
      32
      21
      22
      26
      26
      29
      28
      28
      19
      29
      26
      23
      24
      31
      29
      27
      17
      17
      22
      32
      30
      27
      20
      32
      18
      32
      31
      29
      30
      28
      30
      21
      21
      31
      26
      18
      24
      22
      28
      26
      27
      31
      33
      21
      24
      31
      30
      32
      32
      33
      20
      39
      33
      19
      37
      23
      30
      23
      22
      32
      24
      26
      33
      22
      20
      27
      26
      33
      21
      30
      21
      26
      33
      45
      23
      34
      36
      30
      27
      25
      31
      23
      37
      17
      31
      28
      33
      24
      23
      23
      25
      18
      23
      30
      34
      25
      20
      29
      24
      19
      19
      22
      24
      19
      28
      17
      21
      21
      26
      34
      23
      25
      21
      23
      25
      28
      24
      32
      25
      29
      29
      26
      22
      33
      27
      19
      18
      31
      18
      24
      20
      30
      17
      37
      29
      30
      19
      18
      21
      19
      24
      23
      16
      26
      23
      27
      29
      23
      33
      26
      19
      33
      28
      22
      27
      26
      20
      30
      22
      31
      26
      23
      19
      27
      31
      20
      24
      25
      15
      25
      20
      35
      28
      18
      19
      26
      27
      24
      29
      29
      20
      22
      28
      26
      25
      28
      15
      29
      25
      23
      27
      24
      21
      25
      26
      22
      28
      13
      39
      20
      23
      26
      35
      32
      31
      30
      20
      23
      19
      23
      25
      28
      26
      19
      24
      22
      34
      28
      26
      28
      31
      25
      27
      20
      19
      25
      23
      31
      30
      19
      24
      27
      25
      21
      19
      21
      31
      27
      30
      12
      25
      29
      23
      21
      17
      22
      25
      29
      23
      15
      15
      28
      22
      17
      18
      22
      28
      24
      37
      18
      23
      18
      29
      22
      18
      26
      21
      24
      25
      14
      28
      16
      23
      22
      26
      24
      19
      25
      34
      25
      15
      18
      22
      12
      21
      18
      24
      18
      17
      15
      32
      22
      19
      22
      17
      15
      20
      17
      22
      15
      16
      11
      24
      10
      17
      21
      15
      22
      14
      17
      22
      19
      22
      18
      20
      16
      17
      14
      18
      19
      26
      21
      18
      25
      17
      26
      18
      24
       9
      21
      13
      13
      12
      17
      18
      25
      20
      13
      16
       7
      27
      20
      14
      19
      23
      11
      19
      15
      19
      26
      14
      17
      19
      17
      21
      18
      20
      19
      13
      18
      17
      24
      14
      19
      14
      10
      18
      26
      15
      22
       7
      20
      14
      14
      19
      15
      18
      13
      14
      16
      15
      16
      12
      24
      15
      22
      21
      16
      11
      17
      21
      17
      12
      20
      12
      14
      22
      18
      24
      20
      19
       9
      20
      20
      20
      20
       8
      22
      19
      19
      20
      18
      12
      17
      18
      22
      19
      12
      18
      15
      18
      19
      14
      15
      22
      18
      18
      24
      17
      26
      21
      12
      12
      13
      18
      25
      25
      15
      26
       6
      15
      23
      13
      19
      17
      27
      17
      28
      22
      16
      15
      19
      23
      20
      18
      15
      18
      16
      22
      23
      23
      19
      16
      17
      11
      21
      13
      22
      13
      16
      23
      15
      23
      21
      10
      20
      22
      23
      15
      27
      20
      15
      20
      29
      22
      22
      21
      24
      17
      19
      24
      17
      12
      14
      18
      24
      20
      20
      21
      25
      22
      22
      25
       9
      24
      19
      17
       9
      26
       9
      18
      21
      23
      22
      21
      15
      16
      22
      21
      26
      18
      21
      20
      21
      28
      16
      19
      30
      29
      21
      22
      20
      20
      27
      28
      25
      23
      40
      32
      24
      27
      19
      27
      28
      30
      22
      24
      28
      22
      21
      17
      24
      13
      19
      26
      27
      28
      25
      21
      28
      18
      35
      24
      30
      24
      30
      13
      28
      31
      19
      36
      39
      32
      35
      33
      30
      24
      19
      30
      28
      25
      28
      41
      27
      38
      42
      38
      33
      40
      46
      41
      26
      35
      46
      33
      44
      40
      42
      28
      48
      25
      40
      25
      42
      35
      33
      33
      33
      33
      39
      36
      35
      36
      42
      36
      34
      47
      32
      40
      39
      49
      45
      36
      46
      43
      45
      57
      54
      50
      37
      60
      39
      42
      43
      45
      41
      42
      43
      44
      40
      46
      48
      50
      49
      49
      45
      40
      45
      57
      47
      61
      47
      47
      67
      39
      51
      56
      36
      51
      48
      59
      44
      53
      57
      49
      44
      58
      54
      47
      57
      63
      74
      57
      63
      60
      54
      64
      67
      63
      37
      65
      67
      48
      56
      46
      74
      60
      59
      51
      66
      77
      61
      62
      55
      69
      60
      54
      70
      55
      63
      57
      67
      71
      58
      73
      52
      74
      76
      67
      71
      67
      69
      77
      76
      71
      54
      71
      58
      81
      66
      81
      68
      74
      74
      58
      61
      60
      78
      74
      63
      54
      63
      84
      71
      71
      63
      72
      57
      57
      68
      65
      65
      48
      71
      93
      63
      53
      64
      68
      72
      74
      73
      53
      51
      71
      61
      68
      63
      61
      58
      64
      76
      68
      62
      63
      62
      66
      75
      72
      54
      70
      70
      44
      54
      54
      55
      72
      52
      59
      60
      74
      42
      52
      58
      55
      64
      47
      64
      59
      55
      57
      57
      53
      48
      54
      59
      42
      55
      52
      43
      43
      36
      60
      40
      53
      56
      64
      63
      54
      57
      52
      65
      55
      59
      52
      47
      49
      60
      42
      43
      47
      51
      48
      36
      45
      51
      52
      42
      47
      41
      40
      32
      44
      39
      56
      48
      37
      35
      45
      53
      27
      46
      36
      39
      37
      42
      25
      31
      43
      32
      31
      28
      34
      39
      36
      39
      35
      29
      44
      25
      36
      31
      31
      37
      23
      37
      35
      40
      35
      27
      30
      41
      48
      33
      38
      28
      32
      24
      27
      22
      25
      29
      28
      33
      36
      26
      27
      28
      25
      19
      15
      28
      23
      21
      27
      27
      24
      25
      27
      22
      20
      26
      27
      29
      17
      16
      29
      20
      18
      21
      19
      22
      18
      18
      23
      14
      24
      18
      17
      23
      22
      24
      21
      23
      11
      16
      18
      12
      14
      20
      23
      21
      13
      18
      16
      23
      18
      11
      18
      18
      16
      12
      18
      14
       9
      17
       9
      10
      12
      11
      18
      13
      16
      10
      17
      18
      21
      16
      11
       8
      10
      17
      12
      13
      15
      15
      10
      12
      12
      16
      12
      22
      13
      12
      10
      13
       9
      15
      13
      14
      11
       6
      12
       4
      16
      11
      16
      10
      16
      19
      27
       7
      15
      10
      15
      10
       6
      12
      12
      16
      13
      12
       9
      10
      11
       9
      13
       9
      15
      12
      16
      10
       9
      21
      12
       4
      11
       5
       9
      11
      10
       9
       9
      10
      12
      11
       7
      17
      10
      12
      10
      10
      13
      10
      14
      12
      19
      11
      11
       8
      12
      13
      12
      10
       9
       5
       8
       8
      16
       6
      16
      13
      12
       8
       9
      11
      17
      11
      11
      13
       9
      16
      16
      13
      11
       9
      14
      10
       5
      13
       9
      10
       6
      14
       9
      10
      10
      11
      14
      11
       9
      14
      13
       9
      10
      15
      16
       9
      10
      11
      11
      12
      12
       6
       9
       9
       9
      11
      13
       6
      13
      12
      15
      16
      13
       4
      18
      11
      15
      17
      11
       9
       9
       9
      13
       9
       9
       6
      10
      10
      19
      12
       9
       8
      13
       9
      11
       7
       9
      12
      11
       7
       8
       9
      14
       6
       6
      14
      13
       9
      20
      11
       9
      10
      10
      13
      10
      13
      13
       8
      17
       5
       9
      16
      12
       8
      15
      15
      12
      13
      14
      12
      10
       6
      12
      14
      11
       9
       8
      11
      10
      12
      13
      17
       9
      13
      16
      11
      14
       8
       8
       8
      10
      13
      13
      11
      10
      15
      10
      15
       9
       4
      10
       7
      12
       9
      20
      11
      12
       4
       7
      13
      10
      12
      12
      10
      13
       6
      10
      14
       8
      15
       8
      12
       8
      13
      14
      19
      11
       7
      16
       7
       9
       9
      13
       9
      10
      12
       9
      11
      12
       5
      12
      14
       9
      13
      14
      15
      16
      10
       6
       3
       7
      10
      10
       6
       5
       6
       5
       8
      10
       2
      20
      11
       9
       8
      11
      11
      14
      12
      12
       6
       9
       9
       8
       7
       7
       7
      18
       5
       8
       7
      14
       6
      11
      10
       9
       4
      12
       5
      11
       9
       8
       8
       9
       6
       9
       8
       7
      10
       7
       7
       8
       8
       9
       8
      12
      10
       8
      12
      10
      11
      11
      10
      10
      11
       9
       8
       6
       6
       4
       9
      10
       8
      12
       8
      13
       4
      10
       9
      10
       4
       5
      11
       9
       6
       8
      16
       7
      10
       9
      11
       4
       7
       8
       9
      13
      12
      16
       2
       4
       6
       3
       7
       7
       8
       7
       9
      10
      10
       4
       8
       5
       4
       7
      13
       8
       7
      10
       2
       9
       7
       3
      11
      11
       3
       9
       9
       8
      11
      12
       5
       4
       9
       8
       4
       4
       7
       6
       9
       8
      12
       8
      14
       6
       7
       4
       9
      11
       4
       4
       4
       7
       6
       6
      10
       9
       6
       8
       8
       5
       7
      13
       5
      11
       6
       8
      10
      12
       8
       3
       7
       8
      11
      10
       7
       9
       4
       6
      10
       1
       8
      14
       4
       5
       8
      10
      12
       8
       8
       7
       5
       4
       8
       4
      13
       6
       8
       9
       8
       5
       7
       5
       6
      11
      11
       4
       6
       7
       7
       7
       8
       6
       2
      13
       7
      11
       8
       3
      12
       9
       4
      10
       7
       5
       7
       8
       2
       4
      12
       4
       6
       8
       8
       9
      12
       6
      13
       8
       3
      11
      10
       7
       3
       2
       8
      10
       4
       7
       7
       5
       6
       3
       9
       7
       7
       6
      11
       9
      11
       8
       2
       6
      11
       5
       6
       5
       6
       4
       7
       6
       4
      11
       9
      12
       6
       5
       8
      11
      13
       9
       6
       7
       8
       7
       6
       7
       6
       6
       8
      11
       9
       7
       8
       9
       8
       5
       4
       7
       8
       7
       7
       5
      14
      12
      10
      12
       7
      12
       9
       3
       8
      10
       9
       3
       9
       8
       9
       9
       7
      12
      11
      10
       8
      11
      10
       4
       6
       7
      11
       7
       8
       7
      12
       7
       9
       8
      14
       9
       9
      11
      13
       8
      11
       9
       8
       8
      11
      17
       6
       8
      10
       8
       9
       7
       5
       9
       8
       4
       9
      12
      11
      14
      11
      11
      15
      13
       6
      11
       7
      12
       8
      13
      12
      11
       9
       7
       7
       8
       8
      11
      11
      13
      10
      14
      11
      11
      14
      11
       6
       8
      12
      12
      16
      11
      15
      11
      11
      10
       9
      11
      14
      13
       8
       4
      10
      11
      12
       5
      11
       9
      10
      17
       8
       9
      15
      11
      11
       7
      14
      10
      11
       5
      13
      15
      15
       9
      14
       6
       9
      11
      10
      11
      14
       9
      17
       7
       6
       9
       7
      17
       6
      12
      10
       7
      10
       7
       7
      12
      10
      13
      12
      15
       7
      11
       8
      12
       8
      11
       8
      10
      12
      11
       3
      11
      12
       6
       8
      10
      12
      12
      14
      11
      10
      10
      11
      11
       9
       8
      12
       9
      13
       6
       8
      12
       5
       6
       6
       5
      15
       7
      14
      16
      10
      10
      10
       9
       8
       4
       9
       5
      16
       6
       5
      10
       9
       6
       9
       7
       7
       8
      15
       8
      10
       4
       7
       6
      17
       7
      12
      10
      16
       7
       6
       9
       9
       5
       7
      10
       9
      10
       8
       9
       9
      10
       7
      14
       7
       9
      10
       7
       9
       7
       5
      12
       7
      12
      10
       7
      17
       4
      12
      10
       6
       9
       2
       9
       5
       6
       1
      20
       6
       9
       6
       5
      11
       6
       8
       5
       7
      13
       8
       4
      17
       7
       5
       8
       9
      10
       7
      10
       9
       4
       7
       9
       6
       7
       6
       9
       9
       5
       6
      10
       6
       5
       6
       9
       6
      12
       7
      12
      11
       8
       7
      11
       5
       6
       6
       9
       8
       7
       6
       6
       7
       6
      13
       5
       8
       5
       9
       2
       6
       6
       4
       5
       8
       7
       3
       5
       7
       3
       7
       6
       6
       5
       3
       2
       9
       6
       4
       6
       9
       8
       4
       4
       7
       8
       7
       7
       8
       5
      17
      10
      10
       6
       9
       6
      11
       9
      13
       5
       5
       6
       7
       6
       8
       5
       3
       9
       4
       5
       5
       6
       9
       4
       9
       4
       8
       6
       6
       6
      10
       6
       8
      10
       9
       7
       8
       6
       4
       8
       6
       4
       6
       5
       6
       3
       8
       6
      13
       6
       6
       6
       3
      10
       4
       6
       5
       8
       6
       5
       6
       5
       4
       8
       6
       6
       9
       9
       3
       7
       6
       6
       5
       5
       7
       6
       6
       6
       7
       7
       8
       6
       7
       5
       4
      11
       5
       9
       9
       8
       5
       4
       5
       4
       2
       4
       6
       5
       4
       8
       6
       1
       7
       9
       7
       7
       6
       8
       7
       6
       6
       6
       3
       9
       8
       5
       9
       7
       8
       7
       2
       7
       6
       4
       6
       5
       5
       6
       7
       5
       4
       8
       5
       6
       5
       5
       2
       5
       7
       5
       6
       4
       6
      11
       2
      10
       9
       7
       4
       6
       2
      13
       2
       5
       7
       2
       8
       5
       3
       5
       4
       5
       8
      10
       3
       5
       7
       2
       3
       7
       3
       4
       7
       9
      10
       8
       8
       4
       3
       6
       9
       4
       6
       8
       7
       4
       7
       6
       6
       2
       3
       3
       8
       2
       2
       1
       7
       7
       3
       6
       8
       1
       4
       6
       6
       5
       1
       5
       8
       7
       7
       5
       6
       4
       6
       6
       8
       6
       5
       4
       2
       2
       3
       3
       8
       5
       3
       3
       9
      12
       9
       6
       4
       2
       7
       7
       3
       5
       6
       9
       1
       4
       4
       3
       2
       3
       3
       6
       4
       6
       4
       3
       7
       4
       6
       4
       3
       5
       3
       2
       6
       8
       2
      10
       2
       6
       7
       6
       2
       1
       9
       7
       4
      10
       5
       5
       4
       6
       8
       4
       4
       2
       4
       7
       8
       6
       8
       7
       4
       3
       5
       3
       5
       2
       4
       3
       6
       1
       5
       8
       4
      11
       7
       2
      10
       7
       6
       6
       0
       3
       4
       6
       4
       6
       4
       6
       9
       5
       6
       4
       6
       4
       7
       3
       8
       6
       8
       3
       6
       4
       4
       9
       8
       7
       4
       4
       2
       6
       5
       5
       4
       0
       3
       4
       5
       5
       4
       5
       7
       2
       5
       4
       4
       2
       5
       3
       6
       3
       6
       3
       5
       9
       7
       5
       6
       5
       7
       5
       8
       3
       3
       4
       4
       3
       5
       3
       4
       6
       5
       6
       7
       3
       4
       4
       4
      13
       7
       6
       5
       7
       6
       6
       3
       4
       5
       4
       6
       4
       3
       2
       7
       3
       2
       3
       2
       4
       5
       3
       4
       2
       4
       5
       1
       3
       7
       5
       3
       2
       3
       4
       5
       4
       3
       4
       5
       5
       8
       6
       4
       2
       5
       2
       1
       4
       2
       2
       1
       4
       3
       7
       5
       8
       7
       7
       3
       8
       3
       4
       5
       9
       6
       3
       6
       6
       7
       4
       5
       5
       6
       7
       7
       1
       5
       7
       4
       6
       5
       5
       7
       5
       4
       4
       6
       7
       2
       6
       5
       5
       3
       3
       3
       7
       3
       2
       1
      10
       6
       4
       3
       3
       2
       3
       3
       3
       4
       1
       5
       8
       4
       5
       6
       5
       4
       8
       3
       5
       3
       2
       6
       8
       4
       5
       4
       4
       6
       4
       3
       2
       3
       8
      11
       3
       4
       3
       8
       3
       2
       4
       0
       5
       5
       5
       3
       5
       2
       3
       5
       3
       2
       4
       8
       6
       5
       3
       4
       4
       4
       2
       6
       5
       0
       3
       3
       5
       3
       6
       2
       5
       3
       2
       5
       6
       5
       3
       5
       7
       2
       3
       3
       8
       4
       6
       3
       6
       6
       8
       3
       4
       4
       4
       7
       4
       4
       4
       6
       2
       9
       9
       4
       2
       1
       3
       8
       5
       6
       2
       6
       3
       7
       3
       4
       4
       2
       4
       8
       3
       4
       2
       3
       3
       3
       3
       3
       6
       5
       3
       3
       7
       4
       3
       5
       6
       7
       4
       4
       3
       4
       4
       9
       3
       5
       5
       6
       1
       1
       5
       4
       3
       5
       8
       4
       4
       4
       3
       4
       6
       7
       3
       5
       5
       5
       3
       1
       1
       8
       7
       5
       4
       2
       4
       3
       5
       4
       2
       3
       6
       3
       9
       3
       9
       3
       7
       3
       6
       3
       4
       3
       5
       5
       5
       5
       6
       3
       8
       6
       4
       5
       5
      13
       8
       5
       5
       6
       5
       2
       3
       5
       4
       4
       7
       4
       4
       4
       5
       2
       4
       2
       6
       2
       2
       7
       3
       4
       5
       3
       4
      10
       5
       5
       2
       7
       2
       7
       8
       2
       4
       5
       3
       7
       1
       5
       3
       2
       6
       3
       5
       9
       4
       5
       5
       4
       1
       7
       4
       3
       2
       1
       5
       5
       2
       6
       5
       9
       5
       9
       3
       4
       5
       4
      10
       7
       5
       8
       4
       6
       6
       8
       5
       4
       4
       2
       4
       4
       8
       7
       6
       7
       6
       5
       5
       8
       3
       3
       2
       4
       4
      12
       5
       7
       5
       6
       6
       8
       5
       5
       3
       7
       6
       8
       2
       3
       5
       9
       8
       4
       4
       5
       5
       6
       9
       5
       9
       5
       7
       6
       8
       5
      10
      10
       8
       6
      14
       5
       4
       4
       9
       6
       6
       6
       7
       7
       6
       7
       3
       4
       7
       7
       5
       4
       8
      10
       7
       9
      10
      11
       2
       7
       9
       3
       8
       8
       6
       4
       6
      11
      14
      12
       8
       6
       7
       6
       9
      13
       5
       7
      11
       6
       6
       7
       5
       6
       8
       3
       7
       3
      10
       7
       4
      10
      11
      10
       3
       7
       7
      13
       6
       9
       8
       7
       4
       9
      13
       5
       8
       8
       7
       3
      10
       6
      10
       6
       9
      11
       6
       8
       5
       8
       6
       6
       9
       8
       5
       9
       6
       6
       5
      11
      10
       7
       8
       2
       6
      10
      14
       3
      11
       6
      15
       6
       6
       8
       7
       7
       8
       6
       2
       8
       4
       4
       5
       2
       8
       8
      10
       3
       4
       6
       3
       7
       5
       4
      10
       5
       6
       6
       3
      13
       8
       6
       7
      12
       8
      10
       6
       5
       4
       9
       6
       7
       5
       5
       4
       6
       4
       5
      11
       9
       6
       8
       7
       7
       4
       4
       7
       6
       3
       8
       9
       5
       5
       8
       4
      10
       7
       7
       4
       2
       7
       8
       5
       8
       3
       7
       5
       9
       5
       8
       9
       3
       4
       3
       4
       7
      10
      11
       5
       3
       7
       6
       3
       3
       5
       8
       6
       7
       8
       5
       5
       7
       8
      10
       5
       6
       5
       4
       4
       5
       3
       5
       3
       5
       7
       3
       9
       5
       8
       8
       8
       4
       5
       7
       4
       8
       8
       8
       6
       7
       6
       4
       9
       8
       8
       5
       2
      10
       6
      10
       4
       6
       6
       2
      10
       4
       7
       4
       6
       4
       4
       3
       7
      12
       5
       5
       5
       6
       6
       4
       6
      10
       5
       5
       5
       6
       4
       9
       5
       9
       8
       9
       8
       5
       3
       5
       2
       4
       7
       2
       3
       4
       9
       5
       8
       7
       3
       5
       2
      12
      10
       7
       6
       3
       5
       5
       3
       9
      10
       2
       7
       1
       4
       6
       7
       7
      10
       4
       8
       6
       6
       3
       6
       9
       6
       7
      13
       8
       7
       7
       4
      11
       4
       6
       2
       9
       3
       6
       4
       9
       6
       8
       4
       7
       3
       4
       7
       5
       4
       3
       8
       5
       5
       5
       1
       2
      12
       9
       2
       8
       7
       9
       6
       8
       6
       4
       4
       4
       6
       7
       7
       5
       4
       7
       8
       3
       6
       4
       7
       6
       7
       9
       4
       5
       2
       5
       2
       9
       5
       8
       3
       6
       3
       5
       3
       7
       6
       4
       6
       6
       5
       6
       3
       8
       3
       5
       5
       5
       3
       6
       3
       6
       5
       8
       5
       9
       7
       5
       7
       8
       7
       3
       2
       6
       4
       3
       6
       3
       5
      11
       4
       2
       9
      11
       4
       8
      10
       6
       5
       4
       7
       2
       5
       8
       3
       7
       6
       5
       2
       5
       4
       4
       8
       4
       9
       4
       7
       6
       3
       6
       4
       2
       4
       7
       5
       8
       9
       5
       6
      10
       5
       2
       4
       4
       4
       6
       5
       5
       9
       5
       8
       9
       2
       8
       1
       6
       5
       4
       9
       4
       3
       6
       8
       4
       5
       3
       4
       1
       4
       7
       6
       4
       2
       8
       5
       5
       6
       5
       6
       6
       2
       6
       3
       7
       6
       4
       5
      11
      10
       4
       6
       1
       5
       2
       9
       7
       6
       1
       4
      13
       7
       6
       4
       5
       6
       4
       5
       2
       3
       2
       3
       5
       7
       6
       7
       5
       6
       8
       6
      10
       4
       4
       4
       3
       3
       1
       1
       7
       5
       4
       3
       5
       4
       8
       6
       1
       3
       4
       4
       3
       4
       4
       5
      10
       4
       3
       4
       4
       2
       5
       4
       7
       9
       6
       7
       3
       3
       7
       8
       3
       3
       1
       5
       1
       5
       4
       6
       3
       6
       7
       1
       7
       5
       7
       3
       5
       8
       5
       3
       4
       9
       9
       7
       0
       3
       2
       2
       5
       9
       8
       3
       1
       4
       3
       6
       5
       3
       5
       6
       3
       1
       3
       5
       5
       6
       5
       4
       4
       0
       5
       4
       7
       4
       2
       2
       6
       3
       1
       3
       7
       3
       2
       4
       3
       7
       6
       9
       3
       1
       6
       8
       4
       3
       2
       6
       4
       3
       5
       2
       3
       4
       4
       4
       7
       0
       8
       2
       6
       2
       3
       3
       7
       8
       7
       6
       0
       8
       8
       5
       4
       5
       8
       1
       6
       2
       6
       6
       3
       4
       3
       6
       1
       6
       7
       2
       1
       6
       3
       5
       4
       2
       5
       5
       3
       6
       5
       7
       5
       3
       2
       5
       4
       2
       3
       9
       7
       3
       2
       5
       5
       2
       7
       3
       9
       5
       3
       7
       3
       4
       5
       5
       3
       2
       1
       8
       4
       1
       5
       4
       5
       5
       5
       4
       4
       5
       7
       2
       4
       7
       3
       3
       3
       6
       5
       4
       3
       9
       4
       3
       2
       0
       4
       3
       1
       8
       3
       2
       7
       5
       2
       4
       6
       5
       7
       5
       6
       5
       7
       2
       2
       3
       5
       4
       8
       3
       3
       2
       2
       4
       2
       4
       2
       3
       6
       2
       6
       5
       1
       7
       5
       5
       4
       3
       2
       4
       4
       1
       2
       2
       5
       1
       4
       2
       4
       3
       3
       2
       2
       6
       2
       3
       2
       1
       6
       2
       2
       2
       3
       3
       0
       2
       3
       3
       6
       6
       5
       1
       3
       2
       3
       4
       4
       4
       0
       2
       2
       7
       3
       1
       3
       5
       1
       1
       3
       5
       3
       4
       2
       5
       2
       2
       2
       1
       6
       1
       2
       1
       3
       4
       4
       6
       3
       0
       3
       4
       5
       1
       5
       2
       3
       1
       0
       1
       2
       1
       1
       1
       0
       7
       3
       2
       2
       1
       2
       2
       2
       2
       3
       2
       6
       1
       1
       6
       0
       2
       3
       2
       2
       4
       3
       2
       1
       2
       5
       1
       2
       1
       2
       3
       1
       3
       2
       6
       3
       3
       5
       0
       2
       3
       0
       4
       3
       2
       5
       2
       4
       2
       2
       2
       3
       1
       3
       2
       2
       2
       2
       3
       2
       1
       1
       2
       1
       2
       2
       3
       3
       1
       3
       4
       4
       0
       4
       2
       2
       4
       2
       2
       4
       3
       0
       3
       1
       2
       2
       3
       2
       3
       1
       4
       1
       2
       4
       5
       5
       1
       7
       2
       4
       3
       3
       3
       3
       4
       6
       2
       2
       0
       2
       0
       1
       1
       2
       1
       1
       3
       3
       3
       1
       1
       3
       3
       3
       4
       2
       1
       0
       0
       2
       1
       4
       2
       2
       0
       0
       3
       1
       4
       1
       2
       5
       2
       1
       4
       4
       4
       2
       1
      14
      15
      21
      21
      21
      26
      23
      17
      13
      31
      17
      21
      17
      16
      21
      29
      30
      20
      23
      28
      14
      28
      27
      28
      21
      24
      29
      20
      19
      24
      16
      27
      16
      16
      22
      18
      17
      20
      20
      16
      25
      13
      22
      18
      18
      19
      11
      23
      16
      15
      24
      17
      18
      13
      20
      21
      25
      15
      31
      17
      22
      19
      19
      18
      14
      20
      20
      19
      19
      21
      22
      21
      28
      25
      14
      21
      16
      24
      17
      26
      18
      19
      20
      20
      19
      16
      26
      28
      17
      19
      18
      26
      22
      10
      13
      23
      20
      16
      19
      18
      19
      21
      17
      16
      15
      20
      22
      15
      23
      18
      19
      21
      27
      18
      22
      25
      14
      14
      17
      17
      26
      19
      15
       9
      30
      25
      20
      17
      17
      17
      17
       8
      16
      26
      28
      23
      11
      22
      16
      18
      19
      15
      17
      14
      23
      25
      18
      20
      22
      25
      20
      20
      14
      17
      14
      22
      18
      21
      20
      16
      18
      22
      18
      22
      20
      15
      11
      25
      16
      17
      20
      17
      11
      21
      21
      23
      15
      21
      17
      13
      15
      14
      20
      18
       8
$ROI:
1
4694 5273
$PRESETS:
Live Time
7200
0
$ENER_FIT:
-2.564146 5.859323
$MCA_CAL:
3
-2.564146E+000 5.859323E+000 2.989855E-004 keV
$SHAPE_CAL:
3
1.469019E+001 -5.192660E-002 5.111356E-005
