$SPEC_ID:
No sample description was entered.
$SPEC_REM:
DET# 1
DETDESC# DESKTOP-PA1F0GF MCB 337
AP# Maestro Version 7.01
$DATE_MEA:
04/14/2026 11:58:49
$MEAS_TIM:
315 323
$DATA:
0 8191
       0
       0
       0
       0
       0
       0
       0
       0
       0
       0
       0
       0
       0
       0
       0
       0
       0
       0
       0
       0
       0
       0
       0
       0
       0
       0
       0
       0
       0
       0
       0
       0
       0
       0
       0
       0
       0
       0
       0
       0
       0
       0
       0
       0
       0
       0
       0
       0
       0
       0
       0
       0
       0
       0
       0
       0
       0
       0
       0
       0
       0
       0
       0
       0
       0
       0
       0
       0
       0
       1
       1
       1
       1
       3
       1
       2
       2
       3
       1
       3
      15
      37
      54
      70
      78
     123
     113
     147
     189
     159
     188
     233
     240
     215
     211
     232
     239
     224
     248
     249
     275
     289
     308
     340
     329
     372
     403
     432
     434
     512
     591
     627
     663
     762
     898
    1019
    1087
    1225
    1370
    1620
    1785
    1894
    2039
    2193
    2327
    2479
    2551
    2648
    2550
    2700
    2589
    2433
    2315
    2270
    2089
    1889
    1763
    1686
    1484
    1369
    1272
    1053
    1100
    1002
     872
     798
     786
     732
     673
     556
     540
     560
     524
     498
     414
     393
     394
     360
     349
     320
     320
     306
     260
     262
     251
     262
     252
     234
     240
     229
     208
     252
     196
     228
     212
     227
     215
     223
     221
     229
     203
     233
     217
     187
     217
     210
     239
     213
     211
     244
     180
     216
     214
     211
     234
     225
     211
     202
     210
     201
     226
     239
     226
     232
     216
     211
     223
     226
     235
     214
     239
     241
     210
     243
     240
     241
     251
     222
     247
     248
     234
     245
     225
     216
     270
     234
     207
     253
     230
     248
     215
     255
     216
     294
     260
     237
     273
     234
     253
     288
     272
     262
     253
     254
     247
     222
     254
     254
     279
     256
     253
     249
     250
     240
     264
     265
     241
     268
     262
     244
     257
     256
     248
     283
     272
     247
     284
     269
     263
     228
     244
     273
     266
     245
     275
     262
     264
     275
     272
     265
     299
     268
     283
     260
     250
     299
     246
     275
     310
     291
     307
     292
     316
     258
     300
     283
     292
     297
     312
     278
     285
     277
     284
     274
     299
     265
     270
     278
     262
     287
     297
     290
     289
     287
     310
     276
     321
     290
     280
     309
     265
     315
     283
     258
     337
     270
     292
     294
     286
     307
     292
     288
     301
     298
     310
     303
     315
     323
     254
     297
     298
     287
     293
     289
     302
     309
     300
     333
     295
     292
     314
     291
     311
     304
     295
     284
     286
     306
     279
     290
     317
     292
     304
     246
     280
     305
     263
     310
     309
     275
     265
     321
     277
     306
     293
     311
     302
     288
     309
     288
     315
     285
     319
     314
     267
     283
     280
     283
     244
     295
     269
     311
     309
     305
     298
     329
     303
     316
     300
     280
     281
     266
     301
     303
     301
     315
     307
     277
     288
     276
     301
     320
     301
     302
     318
     260
     318
     289
     316
     275
     272
     290
     258
     323
     312
     281
     284
     302
     299
     265
     295
     290
     278
     321
     288
     296
     301
     288
     307
     271
     337
     309
     295
     311
     281
     312
     291
     312
     300
     274
     322
     309
     279
     297
     329
     299
     306
     262
     324
     298
     312
     291
     335
     309
     275
     292
     289
     293
     306
     307
     287
     291
     312
     305
     335
     292
     291
     275
     305
     308
     295
     304
     339
     305
     322
     296
     290
     308
     324
     295
     306
     263
     315
     292
     347
     282
     303
     290
     334
     300
     313
     288
     306
     298
     289
     324
     291
     271
     284
     278
     274
     295
     280
     275
     265
     297
     307
     292
     298
     275
     290
     307
     292
     291
     301
     243
     295
     297
     315
     279
     301
     311
     270
     292
     294
     287
     290
     293
     282
     299
     336
     273
     277
     277
     297
     283
     296
     287
     297
     276
     288
     275
     277
     307
     272
     295
     274
     279
     307
     277
     287
     295
     260
     288
     282
     328
     302
     297
     310
     297
     289
     277
     265
     279
     297
     304
     278
     275
     324
     268
     289
     287
     282
     268
     268
     295
     285
     305
     283
     309
     277
     276
     253
     287
     271
     280
     260
     279
     284
     283
     277
     281
     308
     296
     310
     285
     264
     277
     308
     274
     290
     282
     264
     294
     262
     267
     294
     271
     297
     304
     301
     285
     297
     292
     285
     296
     303
     318
     307
     322
     322
     299
     298
     252
     292
     334
     281
     298
     306
     354
     309
     307
     300
     327
     349
     281
     316
     319
     336
     328
     324
     358
     344
     330
     311
     359
     356
     335
     329
     336
     337
     366
     345
     355
     392
     333
     322
     360
     359
     339
     357
     375
     361
     412
     367
     394
     396
     369
     362
     414
     382
     377
     388
     374
     382
     386
     439
     377
     357
     375
     409
     390
     399
     392
     388
     383
     434
     438
     388
     416
     398
     367
     412
     427
     417
     388
     414
     419
     416
     425
     373
     422
     395
     422
     400
     390
     379
     384
     405
     411
     385
     415
     381
     400
     376
     403
     413
     358
     375
     362
     390
     382
     393
     389
     377
     362
     398
     381
     334
     373
     350
     347
     345
     377
     374
     408
     328
     354
     365
     376
     379
     394
     367
     376
     357
     336
     342
     338
     339
     325
     334
     336
     390
     343
     333
     353
     328
     344
     360
     324
     372
     333
     329
     361
     337
     358
     370
     350
     342
     317
     354
     342
     305
     322
     331
     351
     298
     311
     309
     332
     307
     305
     352
     349
     330
     324
     309
     309
     300
     316
     317
     326
     320
     316
     333
     318
     317
     321
     318
     329
     315
     317
     265
     316
     283
     303
     349
     291
     291
     312
     274
     324
     281
     305
     304
     315
     302
     308
     309
     318
     307
     300
     286
     310
     272
     299
     291
     323
     274
     322
     261
     298
     313
     325
     290
     298
     297
     289
     305
     322
     289
     285
     289
     283
     296
     304
     265
     295
     297
     324
     311
     302
     301
     273
     282
     278
     308
     261
     300
     298
     293
     280
     262
     285
     291
     270
     305
     286
     288
     298
     277
     292
     271
     283
     256
     293
     304
     276
     277
     295
     283
     287
     286
     247
     304
     282
     248
     250
     257
     263
     286
     281
     255
     307
     264
     277
     264
     300
     290
     264
     281
     263
     290
     267
     239
     279
     297
     243
     249
     251
     240
     295
     261
     273
     263
     276
     286
     264
     286
     221
     249
     284
     296
     267
     235
     299
     275
     254
     241
     239
     255
     264
     258
     259
     260
     268
     263
     264
     252
     291
     262
     247
     256
     277
     227
     267
     250
     259
     246
     263
     241
     272
     250
     236
     262
     218
     267
     271
     258
     240
     250
     267
     225
     241
     240
     232
     235
     268
     256
     242
     231
     272
     227
     265
     277
     222
     252
     234
     228
     246
     255
     237
     237
     226
     265
     228
     222
     260
     255
     244
     251
     222
     247
     245
     249
     244
     239
     236
     244
     227
     245
     221
     243
     252
     244
     251
     223
     236
     241
     268
     229
     240
     225
     213
     253
     238
     255
     223
     236
     225
     201
     228
     249
     241
     256
     220
     246
     248
     241
     242
     219
     215
     237
     236
     219
     226
     252
     205
     232
     243
     234
     222
     231
     256
     232
     219
     242
     212
     232
     199
     208
     227
     229
     224
     220
     235
     245
     245
     242
     240
     242
     200
     236
     213
     246
     230
     191
     242
     233
     232
     238
     222
     239
     215
     235
     211
     236
     213
     210
     215
     207
     203
     216
     215
     190
     191
     200
     243
     205
     223
     228
     213
     214
     240
     211
     219
     221
     204
     213
     244
     228
     205
     230
     206
     221
     184
     217
     181
     207
     222
     200
     231
     222
     196
     250
     213
     226
     174
     217
     216
     199
     216
     215
     217
     193
     216
     211
     220
     212
     220
     212
     220
     193
     220
     212
     215
     239
     207
     218
     232
     202
     210
     231
     243
     231
     206
     218
     206
     200
     226
     214
     220
     217
     223
     230
     212
     233
     229
     207
     191
     234
     204
     230
     196
     200
     207
     227
     200
     204
     206
     201
     189
     202
     187
     211
     203
     204
     223
     189
     228
     211
     221
     232
     207
     204
     230
     201
     182
     208
     207
     217
     213
     199
     204
     201
     213
     194
     217
     183
     190
     203
     207
     177
     204
     200
     218
     209
     194
     248
     180
     192
     212
     190
     210
     205
     189
     216
     212
     209
     179
     204
     203
     208
     212
     220
     193
     210
     188
     184
     204
     174
     195
     187
     233
     191
     203
     231
     209
     192
     196
     213
     186
     209
     194
     213
     178
     200
     203
     195
     213
     205
     191
     193
     192
     213
     215
     195
     193
     212
     232
     208
     187
     190
     199
     220
     204
     194
     188
     208
     215
     191
     203
     188
     201
     211
     203
     195
     224
     200
     208
     208
     189
     232
     206
     193
     215
     203
     195
     238
     215
     184
     223
     198
     201
     199
     215
     197
     201
     189
     226
     203
     194
     204
     190
     212
     211
     202
     202
     212
     206
     224
     194
     193
     188
     191
     174
     208
     221
     193
     212
     189
     210
     196
     196
     195
     201
     241
     202
     193
     204
     233
     194
     210
     202
     195
     185
     191
     203
     196
     197
     196
     209
     215
     221
     214
     232
     208
     200
     192
     217
     185
     187
     182
     192
     225
     218
     194
     182
     192
     185
     216
     188
     185
     189
     197
     188
     187
     183
     202
     222
     214
     207
     192
     167
     196
     212
     206
     189
     206
     206
     213
     200
     198
     192
     204
     195
     184
     203
     177
     217
     172
     164
     194
     199
     188
     221
     186
     219
     200
     190
     183
     185
     204
     190
     190
     189
     190
     199
     189
     184
     219
     194
     207
     199
     216
     204
     207
     200
     198
     222
     204
     191
     187
     205
     210
     185
     198
     213
     215
     184
     195
     207
     183
     217
     175
     179
     213
     194
     235
     220
     215
     200
     227
     200
     198
     182
     182
     212
     197
     193
     198
     180
     180
     196
     208
     214
     197
     168
     193
     188
     195
     200
     200
     225
     193
     192
     185
     188
     220
     200
     219
     230
     190
     212
     201
     205
     191
     208
     230
     205
     194
     208
     189
     208
     210
     216
     226
     210
     183
     186
     199
     182
     214
     220
     214
     215
     212
     222
     226
     184
     243
     187
     217
     203
     196
     208
     217
     229
     199
     211
     191
     212
     203
     181
     207
     238
     210
     196
     216
     205
     223
     217
     199
     207
     223
     196
     208
     213
     233
     212
     223
     175
     202
     211
     201
     177
     205
     192
     206
     180
     207
     211
     196
     215
     186
     205
     209
     219
     210
     213
     196
     192
     192
     231
     187
     181
     194
     183
     209
     207
     206
     168
     202
     200
     203
     198
     200
     211
     179
     170
     187
     196
     179
     200
     196
     179
     200
     178
     187
     172
     182
     175
     201
     189
     186
     196
     166
     190
     186
     166
     171
     185
     174
     196
     165
     183
     180
     172
     152
     199
     163
     193
     172
     178
     166
     159
     161
     175
     152
     163
     152
     154
     160
     157
     134
     148
     148
     148
     137
     173
     165
     161
     148
     152
     165
     138
     164
     134
     155
     136
     136
     140
     160
     127
     121
     134
     128
     115
     134
     125
     121
     124
     116
     134
     134
     134
     110
     100
     127
     118
     111
     109
     121
     105
      83
     135
     127
     119
     118
     105
     110
     117
     106
      92
      99
     111
     114
     103
      98
      88
      98
     112
     115
     106
      85
      82
      90
      83
      97
      88
     100
      92
      84
      85
      98
      82
      83
      75
      73
      92
      91
      78
      82
      67
      78
      76
      90
      77
     101
      84
      80
      76
      74
      51
      69
      79
      80
      88
      72
      83
      65
      84
      68
      68
      82
      63
      71
      79
      64
      77
      60
      67
      67
      52
      64
      56
      54
      69
      62
      61
      50
      59
      49
      65
      65
      60
      56
      58
      55
      62
      59
      76
      67
      59
      51
      69
      59
      55
      49
      49
      51
      56
      55
      68
      52
      51
      54
      44
      48
      54
      54
      47
      42
      46
      50
      60
      56
      53
      48
      50
      42
      58
      51
      56
      49
      54
      54
      53
      38
      50
      48
      39
      54
      45
      60
      44
      56
      45
      51
      42
      49
      45
      62
      40
      42
      48
      50
      70
      49
      37
      40
      52
      42
      42
      58
      50
      46
      49
      38
      48
      49
      47
      46
      38
      38
      47
      44
      44
      35
      34
      44
      46
      30
      37
      51
      40
      54
      41
      41
      40
      30
      40
      39
      22
      41
      46
      48
      37
      34
      42
      26
      32
      40
      31
      30
      46
      36
      42
      28
      29
      43
      35
      41
      41
      43
      28
      38
      35
      33
      45
      27
      31
      45
      26
      37
      37
      38
      31
      27
      37
      33
      29
      33
      37
      40
      41
      30
      33
      23
      40
      31
      27
      26
      31
      27
      25
      26
      38
      27
      32
      37
      29
      26
      21
      25
      23
      31
      20
      24
      32
      28
      30
      37
      30
      32
      46
      19
      27
      21
      32
      23
      37
      23
      30
      28
      19
      25
      38
      28
      23
      35
      27
      32
      29
      27
      22
      31
      23
      27
      31
      29
      24
      20
      32
      32
      27
      42
      21
      26
      27
      22
      33
      22
      21
      24
      23
      27
      23
      28
      24
      25
      20
      25
      22
      25
      26
      20
      24
      23
      23
      43
      21
      18
      26
      27
      25
      27
      20
      33
      27
      17
      28
      26
      24
      28
      22
      28
      32
      22
      24
      20
      30
      29
      23
      27
      33
      26
      18
      22
      28
      28
      32
      29
      30
      26
      30
      28
      24
      27
      25
      20
      24
      29
      21
      25
      28
      31
      21
      29
      22
      25
      25
      29
      31
      24
      25
      26
      32
      20
      31
      23
      20
      25
      25
      26
      22
      20
      21
      21
      26
      19
      30
      18
      22
      20
      26
      22
      26
      28
      10
      24
      17
      23
      13
      27
      26
      22
      32
      27
      17
      27
      29
      29
      23
      30
      26
      31
      27
      25
      33
      25
      20
      30
      19
      20
      27
      24
      31
      19
      23
      35
      33
      19
      27
      25
      24
      31
      22
      20
      33
      25
      21
      29
      29
      32
      28
      36
      29
      26
      28
      37
      34
      22
      30
      26
      20
      28
      31
      31
      29
      19
      21
      27
      25
      34
      32
      35
      37
      27
      22
      33
      34
      33
      35
      32
      39
      30
      29
      39
      40
      41
      37
      34
      35
      32
      35
      36
      45
      34
      35
      47
      50
      47
      39
      51
      54
      32
      39
      47
      43
      47
      62
      70
      47
      65
      52
      68
      58
      61
      65
      76
      71
      70
      75
      93
      88
      86
      81
      89
      95
      81
     101
      87
      96
      88
     118
     109
     123
     116
      96
     123
     121
     129
     134
     141
     138
     144
     156
     130
     172
     158
     170
     177
     172
     179
     172
     198
     211
     200
     192
     208
     250
     230
     207
     225
     248
     218
     256
     260
     260
     277
     271
     278
     301
     288
     301
     334
     324
     361
     333
     319
     385
     338
     376
     376
     380
     405
     418
     486
     431
     441
     477
     480
     471
     495
     472
     527
     509
     495
     534
     500
     532
     541
     588
     594
     620
     607
     568
     626
     618
     676
     620
     633
     674
     683
     680
     726
     718
     720
     793
     736
     837
     725
     770
     833
     837
     757
     855
     889
     870
     869
     865
     936
     857
     915
     900
     907
    1020
     932
     979
     966
     979
     997
    1019
     976
    1055
    1070
    1020
    1079
    1055
    1092
    1072
    1130
    1116
    1197
    1123
    1154
    1162
    1137
    1130
    1190
    1190
    1228
    1154
    1239
    1134
    1291
    1195
    1224
    1232
    1227
    1218
    1252
    1180
    1267
    1307
    1239
    1303
    1250
    1198
    1334
    1299
    1275
    1266
    1272
    1262
    1257
    1269
    1252
    1327
    1331
    1292
    1200
    1217
    1273
    1265
    1252
    1264
    1272
    1316
    1285
    1231
    1206
    1261
    1232
    1213
    1180
    1260
    1282
    1175
    1221
    1167
    1190
    1175
    1204
    1148
    1156
    1144
    1125
    1140
    1178
    1107
    1109
    1096
    1121
    1042
    1066
    1078
    1048
     983
    1042
    1009
    1018
     993
     961
    1019
     962
     947
     923
     914
     955
     915
     912
     952
     896
     889
     842
     801
     867
     800
     823
     753
     777
     758
     774
     681
     752
     731
     691
     673
     676
     660
     631
     696
     629
     664
     615
     619
     586
     594
     560
     587
     537
     521
     565
     489
     507
     513
     501
     435
     428
     444
     432
     446
     428
     425
     363
     378
     380
     326
     368
     382
     353
     343
     325
     305
     297
     289
     283
     309
     288
     259
     268
     266
     248
     251
     261
     208
     202
     191
     215
     221
     200
     189
     174
     191
     168
     165
     157
     142
     150
     162
     129
     139
     135
     120
     128
     107
     126
     119
     122
     119
     124
      91
      97
      93
      86
      85
     110
      88
      80
      71
      84
      59
      57
      56
      62
      75
      59
      58
      57
      55
      55
      54
      57
      56
      45
      44
      30
      32
      41
      40
      39
      23
      29
      22
      27
      28
      38
      28
      18
      27
      32
      26
      20
      20
      26
      16
      21
      23
      21
      16
      12
      15
      11
      18
      20
      16
      14
      13
      11
      14
      12
      11
      22
      11
      17
       7
       8
       4
       7
      10
       9
      10
      12
       6
      13
      10
       8
       8
       3
      10
       3
       4
       5
       5
       7
       5
       9
       6
       8
       6
      12
       5
       7
       6
       8
       6
       6
       6
       6
       1
       3
       4
      10
       4
       6
       5
       3
       4
       4
       5
       9
       0
       7
       6
       5
       7
      10
       5
       2
      12
       8
       6
      10
       3
       3
       6
       6
       5
       5
       8
       6
       5
       3
       1
       4
       7
       1
       5
       3
       3
       2
       3
       8
       5
       7
       7
       6
       2
       5
       7
       4
       8
       4
       5
       3
       4
       3
       5
       4
       4
       2
       2
       3
       4
       1
       3
       4
      11
       2
       6
       3
       1
       6
       6
       4
       2
       3
       3
       9
       4
       3
       4
       4
       1
       1
       1
       4
       5
       8
       2
       0
       3
       7
       6
       2
       5
       0
       2
       3
       5
       5
       5
       3
       4
       2
       3
       1
       3
       5
       3
       6
       6
       2
       3
       2
       4
       3
       3
       6
       2
       4
       2
       5
       3
       3
       1
       4
       2
       8
       5
       2
       3
       7
       5
       2
       2
       6
       3
       4
       2
       3
       4
       2
       5
       1
       4
       4
       1
       3
       3
       3
       4
       2
       6
       7
       3
       3
       4
       4
       9
       3
       3
       6
       1
       8
       2
       2
       3
       5
       3
       6
       6
       4
       3
       4
       4
       5
       2
       7
       4
       3
       4
       5
       3
       4
       2
       3
       3
       1
       3
       6
       4
       4
       3
       2
       4
       2
       5
       3
       4
       4
       3
       2
       3
       2
       3
       4
       1
       4
       2
       2
       1
       3
       1
       4
       4
       0
       1
       4
       7
       1
       2
       5
       3
       4
       4
       2
       7
       1
       5
       1
       5
       0
       3
       4
       5
       4
       3
       2
       3
       2
       2
       1
       5
       8
       1
       1
       3
       1
       4
       2
       0
       4
       5
       4
       5
       3
       3
       3
       2
       5
       4
       3
       5
       2
       5
       3
       3
       3
       2
       3
       3
       2
       3
       2
       5
       5
       2
       9
       2
       2
       5
       2
       0
       1
       3
       3
       3
       2
       0
       5
       2
       2
       4
       4
       4
       2
       3
       3
       3
       3
       3
       4
       4
       2
       8
       0
       1
       4
       2
       3
       2
       3
       5
       5
       1
       2
       2
       5
       6
       3
       3
       2
       0
       1
       2
       6
       3
       3
       5
       1
       5
       4
       2
       2
       4
       8
       2
       3
       4
       3
       3
       5
       5
       3
       1
       4
       1
       1
       3
       5
       3
       2
       3
       4
       2
       2
       1
       7
       1
       1
       5
       0
       3
       1
       1
       5
       3
       3
       6
       3
       2
       4
       3
       3
       4
       1
       1
       1
       1
       3
       2
       1
       4
       4
       3
       2
       2
       2
       2
       3
       5
       3
       2
       4
       2
       0
       4
       2
       7
       4
       4
       5
       9
       2
       3
       2
       1
       3
       2
       2
       3
       4
       4
       2
       6
       1
       5
       0
       4
       2
       5
       4
       4
       2
       1
       4
       2
       5
       3
       3
       4
       0
       1
       4
       3
       2
       2
       0
       3
       2
       2
       2
       3
       0
       3
       2
       2
       2
       2
       3
       2
       3
       1
       3
       4
       1
       1
       4
       2
       5
       2
       2
       4
       5
       3
       4
       1
       2
       2
       6
       5
       4
       1
       3
       2
       4
       0
       6
       4
       2
       2
       4
       3
       4
       1
       0
       1
       1
       4
       4
       1
       4
       3
       2
       3
       1
       3
       1
       2
       5
       3
       1
       3
       3
       1
       1
       1
       1
       1
       7
       1
       4
       0
       2
       4
       3
       3
       3
       0
       7
       4
       2
       1
       5
       4
       2
       1
       2
       2
       1
       5
       6
       3
       2
       2
       2
       1
       6
       2
       2
       1
       0
       4
       4
       3
       5
       2
       3
       3
       4
       1
       3
       2
       4
       0
       1
       2
       2
       0
       7
       3
       5
       0
       4
       1
       6
       5
       5
       3
       0
       2
       3
       7
       8
       3
       5
       3
       6
       3
       0
       5
       4
       3
       1
       1
       4
       1
       2
       4
       4
       3
       7
       4
       3
       3
       5
       5
       4
       3
       5
       3
       1
       2
       4
       2
       4
       4
       3
       4
       2
       1
       4
       1
       3
       4
       1
       0
       2
       1
       1
       8
       3
       1
       1
       0
       1
       3
       0
       4
       3
       0
       1
       5
       5
       2
       5
       2
       3
       3
       2
       2
       2
       2
       2
       2
       5
       4
       3
       6
       3
       2
       4
       3
       0
       1
       2
       3
       2
       3
       2
       1
       2
       4
       1
       2
       1
       3
       3
       4
       1
       2
       2
       6
       3
       0
       2
       3
       1
       2
       3
       1
       4
       2
       1
       2
       2
       4
       4
       7
       2
       1
       2
       2
       3
       2
       4
       0
       1
       1
       2
       3
       4
       0
       4
       2
       6
       2
       4
       2
       1
       3
       4
       3
       1
       1
       2
       0
       2
       3
       2
       2
       3
       8
       1
       6
       4
       3
       4
       3
       1
       0
       4
       1
       3
       2
       1
       6
       2
       2
       4
       3
       2
       1
       1
       4
       4
       3
       6
       2
       3
       2
       5
       0
       2
       3
       4
       1
       2
       3
       2
       1
       1
       1
       4
       3
       3
       0
       1
       3
       1
       2
       1
       3
       3
       3
       3
       4
       1
       3
       2
       2
       2
       5
       3
       5
       2
       3
       6
       1
       5
       0
       2
       1
       6
       0
       3
       2
       1
       1
       3
       0
       2
       3
       5
       3
       2
       2
       3
       1
       3
       4
       5
       3
       1
       3
       3
       3
       0
       3
       4
       1
       3
       5
       2
       3
       2
       5
       3
       2
       2
       1
       2
       2
       2
       1
       0
       2
       0
       5
       0
       1
       1
       4
       2
       2
       3
       3
       1
       2
       4
       1
       0
       2
       1
       7
       1
       2
       4
       3
       2
       3
       2
       2
       2
       4
       4
       1
       1
       1
       1
       2
       5
       0
       3
       2
       3
       1
       1
       6
       3
       3
       2
       7
       1
       0
       2
       3
       3
       3
       3
       3
       2
       2
       1
       3
       0
       3
       1
       5
       4
       5
       1
       3
       2
       1
       1
       6
       1
       1
       4
       4
       4
       3
       3
       0
       3
       0
       0
       3
       3
       1
       4
       0
       0
       2
       2
       4
       2
       2
       3
       2
       1
       2
       2
       0
       4
       1
       1
       2
       0
       4
       1
       1
       7
       2
       3
       6
       2
       3
       2
       1
       3
       3
       2
       0
       2
       1
       0
       1
       1
       1
       2
       3
       1
       2
       3
       1
       1
       2
       1
       1
       4
       2
       3
       0
       2
       2
       0
       0
       1
       3
       0
       1
       2
       0
       0
       0
       0
       1
       3
       4
       5
       3
       1
       0
       0
       2
       2
       4
       0
       1
       0
       2
       5
       1
       0
       1
       0
       4
       5
       2
       0
       3
       4
       1
       1
       0
       4
       3
       0
       0
       1
       3
       3
       2
       2
       3
       1
       1
       1
       7
       1
       3
       3
       2
       3
       0
       2
       2
       2
       1
       0
       1
       3
       1
       1
       0
       2
       1
       2
       3
       2
       0
       1
       1
       0
       1
       1
       1
       1
       1
       1
       4
       3
       1
       2
       3
       1
       2
       2
       3
       1
       4
       0
       3
       2
       1
       2
       5
       4
       4
       1
       0
       0
       3
       4
       2
       1
       2
       0
       2
       1
       2
       1
       4
       2
       3
       1
       0
       1
       2
       2
       0
       0
       3
       5
       1
       5
       3
       1
       2
       2
       3
       2
       2
       1
       2
       4
       2
       1
       0
       2
       2
       0
       1
       1
       2
       3
       1
       0
       2
       3
       1
       1
       0
       2
       3
       0
       1
       2
       2
       0
       2
       0
       1
       3
       3
       2
       2
       3
       5
       4
       0
       1
       4
       1
       1
       2
       1
       0
       4
       0
       4
       3
       0
       1
       1
       1
       4
       3
       1
       1
       0
       0
       2
       2
       0
       1
       2
       1
       0
       1
       2
       3
       0
       1
       2
       3
       0
       1
       2
       4
       1
       3
       2
       2
       5
       1
       0
       4
       0
       8
       1
       1
       0
       1
       1
       2
       2
       1
       2
       2
       4
       2
       2
       1
       2
       2
       2
       1
       1
       3
       1
       0
       5
       2
       1
       1
       1
       3
       3
       0
       1
       4
       4
       2
       3
       1
       0
       0
       6
       0
       1
       2
       1
       1
       3
       2
       2
       4
       1
       2
       3
       1
       3
       1
       3
       3
       0
       2
       1
       5
       0
       1
       1
       1
       2
       2
       3
       0
       2
       2
       1
       3
       4
       1
       1
       1
       2
       1
       2
       2
       2
       2
       3
       3
       2
       1
       2
       2
       1
       4
       2
       2
       2
       4
       2
       1
       2
       1
       2
       4
       1
       3
       3
       1
       2
       1
       7
       2
       3
       1
       1
       1
       1
       2
       2
       4
       1
       0
       1
       2
       2
       1
       1
       2
       0
       1
       3
       1
       2
       1
       1
       2
       2
       1
       2
       2
       2
       2
       3
       1
       2
       3
       1
       2
       1
       1
       2
       3
       2
       0
       2
       1
       3
       1
       2
       0
       2
       3
       0
       3
       2
       2
       0
       2
       0
       4
       5
       1
       1
       0
       1
       4
       1
       1
       0
       1
       2
       1
       2
       0
       6
       1
       4
       1
       4
       0
       3
       3
       1
       3
       3
       1
       2
       0
       2
       1
       2
       1
       0
       3
       1
       3
       0
       1
       2
       3
       0
       1
       0
       1
       2
       2
       1
       1
       2
       2
       2
       0
       1
       4
       1
       2
       4
       2
       0
       1
       5
       1
       3
       4
       4
       0
       0
       0
       2
       0
       3
       1
       2
       2
       3
       4
       1
       1
       1
       5
       2
       2
       3
       2
       0
       2
       5
       1
       2
       1
       1
       4
       2
       6
       0
       0
       0
       0
       1
       4
       2
       4
       5
       0
       0
       3
       2
       0
       2
       2
       2
       0
       1
       1
       2
       1
       0
       2
       0
       1
       1
       0
       5
       0
       0
       0
       0
       0
       1
       2
       0
       3
       1
       3
       6
       1
       3
       3
       2
       0
       1
       2
       0
       0
       1
       0
       2
       2
       3
       2
       2
       3
       3
       0
       1
       2
       0
       0
       2
       0
       3
       2
       2
       1
       2
       2
       1
       3
       1
       0
       3
       1
       1
       1
       0
       1
       0
       0
       3
       2
       8
       3
       1
       1
       1
       2
       1
       0
       4
       1
       2
       4
       1
       1
       0
       3
       1
       1
       4
       3
       3
       0
       0
       1
       1
       0
       2
       1
       0
       2
       2
       3
       1
       0
       2
       0
       2
       0
       1
       0
       2
       2
       1
       2
       1
       3
       2
       1
       3
       3
       2
       0
       1
       0
       0
       3
       1
       2
       0
       4
       0
       1
       4
       2
       1
       3
       1
       2
       1
       1
       1
       0
       3
       1
       2
       1
       1
       1
       4
       2
       2
       0
       1
       1
       2
       2
       1
       1
       2
       1
       0
       0
       1
       2
       1
       2
       0
       1
       3
       4
       0
       0
       0
       1
       1
       4
       2
       2
       0
       3
       0
       0
       0
       1
       1
       3
       2
       2
       1
       1
       2
       3
       0
       1
       2
       1
       3
       3
       2
       1
       0
       2
       2
       1
       1
       1
       2
       4
       2
       2
       4
       0
       2
       1
       1
       1
       1
       2
       2
       2
       0
       1
       2
       1
       1
       2
       1
       2
       3
       1
       1
       0
       1
       0
       1
       1
       2
       2
       3
       0
       2
       0
       0
       2
       1
       1
       1
       0
       0
       1
       1
       1
       0
       2
       0
       2
       2
       1
       0
       0
       0
       1
       0
       1
       1
       2
       1
       1
       1
       0
       1
       1
       0
       3
       1
       0
       0
       2
       0
       4
       0
       1
       0
       0
       0
       1
       2
       1
       0
       0
       1
       2
       1
       2
       1
       0
       2
       1
       1
       4
       1
       3
       2
       1
       1
       2
       0
       1
       1
       1
       1
       2
       2
       0
       2
       1
       0
       0
       0
       2
       2
       1
       0
       1
       1
       0
       0
       0
       0
       1
       0
       2
       2
       0
       1
       0
       0
       0
       0
       1
       2
       2
       1
       1
       2
       1
       2
       0
       3
       2
       2
       0
       0
       2
       2
       1
       3
       1
       1
       0
       3
       2
       0
       1
       2
       1
       1
       2
       1
       0
       1
       1
       1
       0
       0
       2
       1
       1
       0
       1
       0
       0
       2
       2
       2
       0
       0
       3
       1
       0
       0
       2
       3
       0
       0
       1
       2
       1
       1
       1
       0
       1
       0
       1
       0
       0
       1
       0
       1
       3
       4
       3
       1
       1
       0
       0
       0
       2
       1
       0
       0
       1
       0
       0
       3
       1
       1
       2
       0
       1
       0
       1
       1
       2
       1
       1
       1
       0
       0
       0
       2
       1
       1
       1
       0
       1
       0
       1
       0
       2
       0
       0
       0
       2
       0
       0
       0
       2
       0
       2
       4
       1
       0
       3
       1
       3
       1
       0
       2
       0
       0
       2
       2
       0
       1
       0
       5
       1
       0
       1
       0
       0
       3
       2
       1
       1
       0
       0
       0
       0
       2
       1
       1
       0
       1
       0
       3
       1
       0
       1
       2
       1
       2
       1
       2
       1
       1
       1
       2
       1
       1
       1
       1
       2
       0
       1
       0
       1
       1
       0
       1
       0
       1
       0
       0
       2
       2
       2
       0
       0
       4
       2
       2
       1
       0
       0
       0
       0
       0
       2
       0
       2
       0
       1
       0
       2
       0
       0
       0
       1
       1
       3
       2
       1
       1
       2
       1
       2
       2
       0
       3
       0
       0
       0
       0
       2
       1
       0
       0
       0
       2
       2
       0
       1
       0
       1
       0
       0
       3
       1
       2
       0
       0
       1
       1
       0
       3
       2
       0
       1
       0
       0
       0
       0
       1
       0
       1
       0
       2
       0
       1
       2
       1
       1
       0
       2
       1
       0
       1
       0
       1
       0
       0
       0
       1
       0
       0
       1
       1
       0
       0
       0
       2
       1
       0
       0
       0
       1
       1
       1
       0
       0
       0
       0
       2
       0
       0
       1
       0
       0
       0
       1
       1
       1
       1
       2
       0
       0
       2
       1
       2
       3
       0
       0
       0
       1
       2
       1
       1
       1
       1
       2
       1
       3
       1
       2
       1
       1
       0
       0
       0
       0
       0
       0
       1
       0
       0
       3
       0
       1
       3
       1
       1
       0
       1
       0
       1
       1
       1
       0
       3
       0
       1
       0
       0
       0
       1
       2
       0
       0
       2
       0
       2
       2
       2
       0
       1
       1
       2
       4
       0
       0
       2
       1
       1
       2
       0
       1
       0
       1
       2
       1
       1
       0
       2
       1
       0
       0
       1
       2
       1
       0
       2
       1
       0
       0
       2
       1
       1
       2
       2
       3
       1
       2
       0
       1
       2
       1
       0
       0
       0
       1
       1
       0
       1
       3
       1
       1
       1
       1
       2
       1
       3
       1
       1
       0
       2
       4
       2
       1
       2
       1
       1
       2
       2
       3
       1
       1
       1
       2
       0
       0
       1
       1
       2
       1
       3
       1
       2
       2
       0
       2
       1
       0
       0
       1
       3
       1
       0
       3
       0
       0
       3
       0
       3
       2
       1
       3
       3
       1
       0
       3
       4
       3
       1
       0
       2
       2
       3
       2
       1
       3
       3
       3
       3
       0
       5
       2
       0
       4
       1
       2
       2
       3
       2
       1
       3
       2
       5
       0
       0
       4
       2
       4
       1
       1
       2
       1
       3
       0
       1
       3
       0
       5
       2
       2
       5
       2
       1
       4
       4
       3
       2
       1
       1
       4
       2
       3
       3
       2
       5
       3
       2
       2
       2
       4
       6
       0
       4
       2
       4
       3
       3
       4
       3
       6
       2
       4
       3
       4
       1
       9
       0
       1
       4
       1
       2
       1
       4
       3
       3
       4
       9
       1
       3
       1
       3
       7
       2
       3
       1
       2
       2
       0
       6
       2
       4
       1
       4
       1
       1
       4
       5
       7
       3
       3
       5
       5
       2
       2
       5
       1
       2
       2
       3
       2
       3
       0
       1
       8
       3
       1
       1
       1
       3
       2
       1
       1
       3
       1
       3
       3
       4
       2
       4
       3
       2
       4
       2
       0
       2
       4
       2
       4
       4
       3
       1
       2
       4
       3
       3
       1
       1
       2
       0
       3
       3
       2
       2
       4
       4
       0
       4
       2
       1
       4
       3
       2
       2
       1
       6
       2
       4
       1
       2
       0
       1
       2
       1
       1
       3
       2
       3
       3
       3
       3
       4
       2
       3
       1
       1
       1
       3
       2
       0
       0
       4
       1
       3
       0
       1
       1
       2
       2
       0
       0
       1
       3
       1
       3
       0
       3
       1
       1
       3
       2
       0
       3
       1
       1
       1
       1
       2
       1
       2
       2
       2
       0
       2
       0
       1
       2
       3
       2
       1
       1
       1
       0
       2
       0
       0
       2
       1
       1
       2
       0
       1
       2
       1
       1
       1
       2
       3
       1
       1
       0
       0
       1
       1
       1
       0
       1
       2
       0
       2
       1
       1
       0
       0
       1
       0
       0
       1
       1
       0
       2
       0
       0
       0
       0
       1
       0
       1
       2
       3
       1
       2
       0
       0
       0
       2
       0
       0
       2
       2
       1
       0
       0
       0
       0
       0
       0
       0
       0
       0
       0
       0
       0
       2
       0
       0
       2
       1
       0
       0
       1
       1
       0
       0
       1
       0
       0
       2
       0
       0
       0
       0
       0
       0
       1
       0
       1
       1
       0
       0
       1
       1
       1
       0
       1
       0
       1
       1
       2
       0
       0
       2
       0
       0
       1
       1
       0
       1
       0
       0
       0
       1
       1
       0
       1
       0
       1
       0
       0
       0
       0
       0
       0
       0
       2
       0
       0
       0
       0
       0
       1
       1
       0
       0
       0
       1
       0
       1
       1
       1
       1
       0
       0
       0
       1
       0
       1
       0
       0
       0
       0
       0
       0
       0
       0
       0
       0
       1
       1
       0
       0
       0
       1
       0
       0
       2
       0
       2
       1
       2
       0
       1
       0
       0
       1
       0
       0
       2
       1
       0
       0
       1
       1
       1
       1
       0
       0
       0
       0
       0
       1
       0
       0
       0
       1
       0
       0
       0
       1
       1
       1
       0
       1
       0
       0
       0
       0
       0
       1
       0
       1
       2
       1
       1
       1
       0
       1
       0
       1
       0
       0
       0
       0
       0
       0
       0
       0
       0
       2
       2
       0
       1
       0
       0
       0
       2
       0
       0
       0
       0
       0
       0
       0
       0
       0
       1
       0
       0
       0
       0
       0
       0
       0
       0
       1
       0
       0
       1
       2
       1
       1
       0
       2
       0
       2
       0
       0
       2
       1
       2
       2
       0
       1
       1
       0
       0
       0
       0
       0
       0
       0
       0
       1
       0
       0
       0
       1
       0
       0
       2
       0
       0
       1
       1
       0
       1
       0
       2
       1
       2
       0
       0
       1
       0
       0
       0
       1
       0
       0
       2
       0
       0
       0
       0
       0
       0
       0
       1
       0
       0
       0
       0
       1
       0
       0
       0
       1
       1
       1
       0
       0
       1
       0
       1
       0
       1
       0
       0
       1
       0
       0
       1
       0
       1
       0
       1
       0
       0
       3
       0
       0
       0
       1
       0
       0
       0
       1
       0
       0
       0
       0
       0
       0
       1
       0
       2
       0
       0
       0
       0
       1
       2
       0
       0
       0
       0
       0
       1
       1
       0
       0
       0
       2
       0
       1
       0
       0
       0
       0
       0
       0
       1
       1
       0
       0
       0
       0
       0
       0
       0
       0
       0
       0
       0
       0
       0
       0
       0
       2
       0
       0
       0
       1
       0
       1
       0
       0
       0
       1
       0
       0
       0
       0
       1
       1
       1
       1
       1
       1
       0
       1
       1
       0
       2
       1
       0
       1
       0
       1
       0
       1
       0
       2
       1
       1
       0
       0
       0
       0
       0
       0
       1
       0
       1
       1
       1
       0
       0
       1
       0
       1
       0
       1
       0
       0
       1
       1
       0
       0
       0
       0
       2
       0
       1
       0
       0
       0
       0
       0
       0
       0
       0
       2
       1
       1
       0
       0
       1
       0
       0
       0
       0
       0
       1
       0
       1
       0
       0
       1
       1
       0
       0
       0
       0
       0
       0
       1
       0
       1
       0
       0
       0
       0
       0
       0
       1
       1
       1
       0
       0
       0
       0
       0
       0
       0
       0
       1
       0
       0
       0
       1
       0
       0
       0
       0
       0
       1
       1
       0
       1
       1
       0
       0
       1
       0
       0
       0
       1
       0
       0
       0
       1
       0
       1
       0
       0
       1
       0
       1
       1
       1
       0
       2
       1
       1
       0
       0
       1
       0
       0
       1
       1
       0
       0
       0
       0
       0
       0
       1
       0
       0
       0
       1
       0
       2
       0
       0
       0
       0
       0
       0
       1
       1
       1
       0
       1
       0
       2
       2
       0
       0
       0
       0
       0
       0
       0
       0
       0
       1
       0
       0
       0
       1
       0
       0
       0
       0
       1
       0
       0
       0
       0
       0
       1
       0
       0
       1
       0
       1
       0
       0
       1
       1
       0
       0
       2
       0
       1
       0
       1
       0
       0
       1
       0
       0
       0
       0
       1
       0
       0
       1
       0
       1
       0
       1
       1
       0
       0
       0
       1
       1
       1
       0
       1
       0
       0
       1
       0
       0
       0
       0
       1
       0
       1
       0
       2
       0
       1
       2
       0
       0
       0
       1
       0
       0
       0
       1
       1
       2
       1
       0
       0
       0
       0
       0
       0
       0
       0
       1
       0
       0
       1
       1
       0
       0
       1
       0
       0
       1
       0
       1
       1
       1
       0
       0
       0
       1
       0
       0
       2
       1
       0
       0
       0
       0
       2
       0
       0
       1
       0
       0
       0
       1
       0
       0
       0
       0
       0
       1
       0
       2
       1
       0
       0
       0
       0
       0
       1
       0
       0
       0
       0
       0
       0
       0
       0
       1
       1
       0
       1
       1
       1
       0
       0
       0
       0
       0
       0
       0
       0
       0
       1
       0
       0
       2
       0
       0
       0
       1
       0
       1
       0
       0
       1
       0
       0
       0
       1
       1
       2
       0
       0
       1
       0
       0
       0
       0
       1
       0
       0
       0
       0
       2
       0
       0
       2
       0
       0
       0
       0
       1
       0
       2
       1
       0
       0
       1
       0
       0
       2
       1
       0
       1
       0
       0
       0
       0
       1
       0
       1
       0
       2
       2
       1
       1
       1
       0
       1
       0
       1
       0
       0
       2
       0
       0
       1
       0
       0
       2
       1
       0
       0
       0
       0
       0
       1
       0
       2
       1
       0
       1
       1
       0
       0
       0
       0
       1
       0
       0
       0
       0
       0
       1
       0
       0
       1
       0
       0
       0
       2
       2
       1
       1
       1
       1
       2
       0
       0
       0
       0
       0
       0
       1
       0
       0
       1
       0
       1
       0
       0
       0
       0
       0
       2
       0
       0
       0
       0
       0
       1
       0
       0
       0
       0
       0
       0
       1
       0
       1
       0
       0
       1
       1
       0
       0
       0
       2
       1
       0
       0
       0
       1
       0
       0
       0
       0
       0
       0
       0
       0
       0
       0
       0
       0
       0
       1
       0
       0
       0
       0
       1
       0
       0
       0
       0
       0
       0
       1
       0
       0
       1
       0
       0
       1
       1
       0
       0
       1
       1
       0
       0
       0
       0
       0
       2
       2
       2
       0
       0
       0
       0
       0
       0
       0
       0
       1
       0
       1
       0
       1
       0
       0
       0
       2
       0
       0
       0
       2
       1
       0
       2
       1
       0
       0
       0
       0
       1
       1
       0
       0
       0
       0
       0
       1
       0
       0
       1
       0
       0
       0
       0
       0
       0
       1
       0
       0
       0
       0
       0
       0
       0
       0
       0
       0
       0
       0
       0
       0
       0
       0
       0
       0
       1
       0
       1
       0
       0
       1
       0
       0
       0
       0
       1
       0
       0
       0
       0
       1
       0
       1
       0
       0
       0
       0
       0
       1
       0
       1
       1
       0
       0
       0
       0
       0
       0
       1
       0
       0
       0
       0
       0
       0
       0
       2
       0
       0
       0
       0
       0
       0
       0
       1
       0
       0
       0
       0
       1
       0
       0
       1
       1
       0
       0
       0
       1
       2
       0
       1
       1
       0
       1
       0
       0
       0
       0
       1
       0
       0
       0
       0
       1
       0
       0
       1
       2
       0
       0
       0
       0
       0
       0
       0
       0
       0
       1
       0
       0
       0
       0
       1
       0
       0
       1
       0
       0
       0
       0
       0
       0
       0
       0
       1
       0
       0
       0
       0
       1
       0
       0
       0
       0
       0
       1
       0
       0
       0
       0
       0
       0
       0
       0
       1
       0
       0
       0
       0
       0
       0
       0
       0
       1
       0
       0
       0
       0
       1
       1
       0
       1
       1
       1
       0
       0
       0
       0
       0
       0
       0
       0
       0
       1
       1
       0
       0
       0
       0
       2
       0
       0
       0
       0
       0
       1
       1
       0
       0
       0
       1
       0
       0
       0
       1
       0
       0
       0
       0
       0
       0
       0
       0
       0
       0
       1
       1
       0
       0
       1
       0
       1
       0
       0
       0
       0
       0
       0
       0
       0
       0
       0
       0
       1
       1
       0
       0
       0
       0
       0
       0
       0
       0
       1
       0
       0
       0
       0
       0
       0
       2
       0
       1
       1
       0
       0
       0
       1
       0
       0
       0
       1
       1
       0
       0
       1
       0
       0
       2
       0
       0
       0
       0
       0
       0
       0
       0
       0
       0
       0
       0
       0
       0
       0
       0
       0
       1
       0
       0
       0
       0
       0
       1
       0
       1
       0
       1
       0
       0
       0
       0
       0
       1
       0
       0
       0
       0
       1
       0
       0
       1
       0
       0
       0
       0
       0
       0
       0
       1
       0
       0
       0
       0
       0
       2
       1
       0
       0
       0
       0
       0
       0
       0
       0
       1
       0
       1
       0
       0
       0
       0
       0
       0
       0
       0
       1
       0
       0
       1
       0
       1
       0
       0
       0
       0
       0
       0
       0
       1
       0
       0
       0
       0
       0
       2
       0
       2
       0
       1
       2
       0
       0
       0
       0
       1
       0
       0
       1
       0
       0
       0
       0
       0
       0
       0
       0
       0
       0
       0
       0
       0
       0
       0
       0
       0
       0
       0
       0
       0
       0
       0
       0
       0
       1
       0
       0
       0
       0
       0
       1
       0
       0
       0
       0
       0
       0
       0
       1
       1
       0
       0
       1
       0
       0
       0
       0
       0
       0
       1
       0
       0
       0
       0
       0
       0
       0
       1
       1
       0
       0
       0
       0
       1
       0
       1
       0
       0
       0
       0
       0
       0
       0
       0
       1
       0
       0
       0
       0
       0
       0
       0
       1
       0
       1
       0
       0
       0
       0
       2
       0
       0
       0
       0
       0
       0
       0
       0
       0
       0
       0
       0
       1
       0
       0
       0
       0
       0
       0
       0
       0
       0
       0
       0
       0
       0
       0
       1
       0
       1
       1
       0
       0
       0
       1
       0
       0
       0
       2
       0
       0
       1
       0
       0
       1
       2
       0
       0
       1
       0
       0
       0
       1
       0
       0
       0
       0
       2
       0
       1
       0
       1
       0
       0
       1
       0
       0
       1
       0
       1
       0
       1
       0
       0
       0
       0
       0
       2
       0
       0
       1
       0
       0
       0
       1
       0
       0
       0
       0
       0
       0
       0
       1
       1
       0
       0
       1
       0
       0
       0
       1
       0
       0
       1
       1
       0
       0
       0
       0
       0
       0
       0
       1
       0
       0
       0
       0
       0
       0
       0
       1
       0
       0
       0
       0
       0
       0
       0
       0
       0
       1
       0
       0
       0
       1
       0
       0
       0
       0
       0
       0
       0
       1
       0
       1
       1
       0
       0
       0
       0
       0
       0
       1
       0
       2
       0
       0
       1
       1
       0
       0
       1
       0
       0
       0
       0
       1
       0
       1
       0
       0
       0
       1
       1
       1
       0
       0
       0
       0
       0
       0
       0
       0
       0
       0
       0
       0
       0
       0
       0
       0
       0
       0
       0
       0
       2
       0
       0
       0
       0
       0
       0
       0
       0
       0
       0
       0
       0
       0
       0
       0
       0
       0
       1
       0
       1
       0
       0
       0
       0
       0
       0
       0
       0
       0
       1
       0
       0
       0
       0
       0
       0
       0
       0
       0
       0
       0
       0
       1
       0
       0
       0
       0
       2
       1
       0
       1
       0
       1
       0
       0
       1
       0
       0
       0
       0
       0
       0
       0
       1
       0
       0
       0
       0
       0
       1
       0
       0
       1
       0
       0
       0
       1
       0
       0
       0
       0
       0
       0
       0
       1
       0
       0
       0
       0
       0
       0
       1
       0
       0
       0
       0
       0
       0
       0
       0
       0
       0
       0
       0
       2
       0
       0
       1
       0
       0
       1
       0
       0
       0
       0
       0
       0
       0
       0
       0
       0
       2
       0
       0
       0
       0
       0
       0
       1
       0
       0
       0
       0
       0
       0
       1
       0
       0
       0
       0
       0
       1
       0
       0
       0
       0
       0
       0
       0
       0
       0
       1
       0
       1
       0
       0
       0
       0
       1
       1
       1
       0
       1
       0
       0
       0
       0
       0
       0
       0
       1
       0
       0
       2
       0
       0
       1
       1
       1
       0
       0
       2
       0
       0
       1
       0
       0
       0
       1
       1
       0
       0
       0
       0
       0
       0
       0
       0
       1
       0
       0
       0
       0
       0
       0
       0
       1
       0
       0
       1
       0
       0
       0
       0
       0
       1
       0
       0
       1
       1
       0
       0
       0
       2
       1
       0
       0
       1
       0
       0
       0
       0
       0
       0
       0
       0
       0
       0
       1
       0
       0
       0
       0
       1
       2
       0
       1
       0
       0
       0
       2
       0
       2
       0
       0
       1
       0
       1
       1
       0
       0
       0
       0
       0
       0
       0
       2
       0
       0
       0
       0
       0
       0
       0
       0
       0
       2
       0
       0
       0
       0
       0
       0
       1
       0
       1
       2
       0
       1
       1
       0
       0
       0
       0
       0
       0
       0
       0
       0
       0
       0
       0
       2
       0
       0
       0
       1
       0
       0
       1
       0
       2
       1
       0
       0
       0
       0
       3
       0
       0
       0
       0
       0
       1
       0
       0
       0
       0
       0
       0
       0
       0
       1
       0
       0
       0
       0
       0
       1
       0
       0
       0
       1
       0
       0
       0
       0
       1
       0
       0
       1
       1
       1
       1
       0
       1
       3
       0
       3
       0
       0
       0
       1
       0
       1
       0
       0
       0
       0
       0
       1
       0
       0
       0
       0
       0
       0
       0
       0
       0
       1
       0
       0
       0
       0
       0
       0
       0
       0
       0
       0
       1
       0
       1
       0
       1
       0
       0
       1
       0
       2
       0
       2
       0
       0
       1
       0
       0
       1
       0
       0
       0
       0
       0
       1
       0
       1
       0
       0
       0
       0
       0
       1
       0
       0
       0
       0
       0
       0
       0
       0
       0
       0
       0
       0
       1
       0
       0
       0
       0
       0
       1
       0
       0
       0
       0
       0
       0
       0
       0
       1
       0
       1
       0
       0
       0
       0
       0
       0
       0
       0
       0
       0
       0
       0
       0
       0
       0
       0
       1
       0
       1
       0
       0
       0
       1
       0
       0
       0
       0
       0
       0
       0
       0
       0
       0
       1
       0
       1
       0
       0
       0
       0
       0
       0
       0
       0
       0
       0
       0
       0
       0
       0
       0
       0
       0
       0
       0
       0
       0
       0
       3
       0
       1
       1
       0
       1
       0
       0
       0
       0
       0
       1
       0
       0
       0
       0
       0
       0
       1
       0
       0
       0
       0
       0
       1
       0
       1
       1
       0
       0
       1
       0
       1
       0
       0
       0
       0
       0
       0
       0
       1
       0
       0
       1
       0
       2
       0
       0
       0
       0
       0
       0
       0
       0
       0
       0
       0
       0
       0
       0
       0
       0
       0
       0
       0
       0
       0
       0
       1
       0
       0
       0
       1
       0
       0
       0
       2
       0
       1
       0
       0
       0
       0
       1
       0
       0
       0
       1
       0
       0
       0
       2
       0
       0
       0
       0
       1
       0
       1
       0
       1
       0
       0
       0
       0
       0
       0
       0
       0
       0
       0
       0
       0
       0
       1
       0
       0
       0
       1
       0
       0
       1
       0
       1
       0
       0
       0
       1
       0
       0
       0
       1
       1
       0
       0
       0
       1
       0
       0
       0
       0
       0
       0
       1
       0
       0
       0
       1
       0
       0
       0
       1
       0
       1
       0
       0
       0
       2
       0
       0
       0
       1
       0
       0
       1
       1
       0
       0
       0
       0
       0
       0
       0
       0
       0
       0
       1
       0
       0
       0
       0
       0
       2
       0
       0
       0
       0
       0
       0
       0
       0
       1
       0
       0
       0
       0
       0
       0
       1
       1
       0
       0
       1
       0
       0
       1
       0
       0
       0
       0
       0
       0
       0
       0
       0
       1
       0
       0
       0
       0
       0
       0
       1
       0
       0
       0
       0
       0
       0
       1
       0
       1
       0
       0
       1
       0
       0
       0
       0
       0
       0
       0
       0
       1
       0
       0
       0
       0
       0
       0
       0
       0
       0
       0
       0
       1
       0
       0
       0
       0
       0
       0
       0
       0
       1
       2
       0
       0
       1
       1
       0
       0
       0
       0
       0
       0
       0
       0
       0
       0
       0
       0
       0
       0
       0
       0
       0
       0
       1
       0
       0
       0
       1
       0
       0
       0
       1
       0
       0
       1
       0
       1
       0
       1
       0
       0
       0
       0
       1
       0
       0
       1
       0
       0
       0
       1
       1
       0
       1
       0
       1
       1
       1
       0
       0
       0
       0
       0
       1
       1
       0
       1
       0
       0
       0
       1
       0
       1
       0
       0
       0
       1
       0
       1
       0
       0
       0
       1
       0
       0
       0
       1
       0
       0
       2
       0
       1
       0
       0
       0
       0
       1
       0
       1
       0
       0
       0
       0
       0
       1
       0
       0
       0
       0
       0
       2
       0
       0
       0
       0
       0
       0
       0
       1
       0
       0
       0
       0
       0
       0
       0
       0
       2
       0
       1
       0
       0
       0
       1
       0
       2
       0
       0
       0
       0
       0
       0
       1
       1
       1
       0
       0
       1
       0
       1
       0
       0
       0
       0
       0
       0
       1
       0
       1
       1
       0
       0
       1
       2
       3
       1
       0
       4
       3
       1
       2
       1
       2
       2
       1
       2
       2
       3
       0
       2
       6
       2
       5
       6
       2
       2
       1
       8
       1
       3
       6
       2
       2
       3
       1
       0
       3
       1
       2
       1
       3
       0
       2
       2
       0
       0
       1
       1
       0
       1
       1
       1
       0
       1
       2
       0
       0
       0
       0
       0
       0
       1
       0
       0
       0
       0
       1
       0
       1
       0
       0
       0
       0
       0
       0
       0
       0
       1
       1
       0
       0
       1
       0
       0
       0
       0
       0
       0
       0
       0
       0
       0
       0
       0
       1
       0
       0
       0
       0
       1
       0
       1
       0
       0
       0
       0
       0
       1
       0
       1
       0
       0
       0
       1
       0
       0
       0
       1
       0
       1
       1
       0
       0
       0
       0
       0
       0
       0
       0
       0
       1
       0
       0
       0
       0
       0
       1
       1
       0
       0
       0
       1
       1
       1
       0
       0
       0
       1
       0
       1
       0
       0
       0
       0
       0
       0
       3
       0
       1
       1
       4
       0
       4
       0
       3
      11
      15
       6
       4
       7
      12
       7
      15
      12
      35
      40
      29
      19
       2
       1
       0
       0
       0
       0
       0
       0
       0
       0
       0
       0
       0
       0
       0
       0
       0
       0
       0
       0
       0
       0
       0
       0
       0
       0
       0
       0
       0
       0
       0
       0
       0
       0
       0
       0
       0
       0
       0
       0
       0
       0
       0
       0
       0
       0
       0
       0
       0
       0
       0
       0
       0
       0
       0
       0
       0
       0
       0
       0
       0
       0
       0
       0
       0
       0
       0
       0
       0
       0
       0
       0
       0
       0
       0
       0
       0
       0
       0
       0
       0
       0
       0
       0
       0
       0
       0
       0
       0
       0
       0
       0
       0
       0
       0
       0
       0
       0
       0
       0
       0
       0
       0
       0
       0
       0
       0
       0
       0
       0
       0
       0
       0
       0
       0
       0
       0
       0
       0
       0
       0
       0
       0
       0
       0
       0
       0
       0
       0
       0
       0
       0
       0
       0
       0
       0
       0
       0
       0
       0
       0
       0
       0
       0
       0
       0
       0
       0
       0
       0
       0
       0
       0
       0
       0
       0
       0
       0
       0
       0
       0
       0
       0
       0
       0
       0
       0
       0
       0
       0
       0
       0
       0
       0
       0
       0
       0
       0
       0
       0
       0
       0
       0
       0
       0
       0
       0
       0
       0
       0
       0
       0
       0
       0
       0
       0
       0
       0
       0
       0
       0
       0
       0
       0
       0
       0
       0
       0
       0
       0
       0
       0
       0
       0
       0
       0
       0
       0
       0
       0
       0
       0
       0
       0
       0
       0
       0
       0
       0
       0
       0
       0
       0
       0
       0
       0
       0
       0
       0
       0
       0
       0
       0
       0
       0
       0
       0
       0
       0
       0
       0
       0
       0
       0
       0
       0
       0
       0
       0
       0
       0
       0
       0
       0
       0
       0
       0
       0
       0
       0
       0
       0
       0
       0
       0
       0
       0
       0
       0
       0
$ROI:
2
81 211
2094 2590
$PRESETS:
Live Time
3600
0
$ENER_FIT:
-2.564146 5.859323
$MCA_CAL:
3
-2.564146E+000 5.859323E+000 2.989855E-004 keV
$SHAPE_CAL:
3
1.469019E+001 -5.192660E-002 5.111356E-005
